GRT_LABELLED_TIME_SERIES_CLASSIFICATION_DATA_FILE_V1.0
DatasetName: DTWTest
InfoText: This data contains some DTW timeseries data
NumDimensions: 2
TotalNumTrainingExamples: 16
NumberOfClasses: 1
ClassIDsAndCounters: 
5	16
UseExternalRanges: 0
LabelledTimeSeriesTrainingData:
************TIME_SERIES************
ClassID: 5
TimeSeriesLength: 30
TimeSeriesData: 
0.0814558	0.0017331
0.0710572	0.0017331
0.0710572	0
0.109185	0.00866551
0.209705	0.0381282
0.32409	0.0901213
0.39688	0.143847
0.405546	0.194107
0.350087	0.244367
0.2513	0.268631
0.10052	0.285962
0.00519931	0.318891
0	0.37435
0.0571924	0.459272
0.17331	0.538995
0.298094	0.57539
0.429809	0.584055
0.499133	0.596187
0.464471	0.62565
0.310225	0.662045
0.152513	0.674177
0.0658579	0.705373
0.117851	0.760832
0.365685	0.804159
0.610052	0.82669
0.774697	0.828423
0.913345	0.814558
0.984402	0.792028
1	0.781629
0.960139	0.779896
************TIME_SERIES************
ClassID: 5
TimeSeriesLength: 30
TimeSeriesData: 
0.132867	0
0.135198	0
0.144522	0.002331
0.181818	0.011655
0.254079	0.020979
0.342657	0.0582751
0.440559	0.102564
0.508159	0.151515
0.51049	0.205128
0.426573	0.254079
0.291375	0.277389
0.144522	0.296037
0.104895	0.331002
0.123543	0.403263
0.223776	0.484848
0.365967	0.566434
0.512821	0.608392
0.60373	0.624709
0.568765	0.638695
0.456876	0.662005
0.310023	0.678322
0.177156	0.685315
0.0675991	0.713287
0	0.769231
0.004662	0.841492
0.111888	0.909091
0.284382	0.972028
0.517483	0.997669
0.69697	1
0.736597	0.988345
************TIME_SERIES************
ClassID: 5
TimeSeriesLength: 30
TimeSeriesData: 
0.00621118	0
0.00414079	0
0.010352	0.00207039
0.0269151	0.00414079
0.0786749	0.0144928
0.186335	0.0517598
0.293996	0.0910973
0.3706	0.138716
0.409938	0.196687
0.389234	0.277433
0.285714	0.343685
0.113872	0.378882
0.00207039	0.401656
0	0.438923
0.0559006	0.503106
0.120083	0.592133
0.236025	0.660455
0.389234	0.6853
0.509317	0.689441
0.538302	0.695652
0.484472	0.706004
0.378882	0.73913
0.252588	0.780538
0.111801	0.811594
0.0124224	0.84265
0.0144928	0.89648
0.163561	0.956522
0.416149	0.987578
0.637681	1
0.813665	1
************TIME_SERIES************
ClassID: 5
TimeSeriesLength: 30
TimeSeriesData: 
0.248175	0.0218978
0.243309	0.0121655
0.265207	0
0.3309	0.0145985
0.447689	0.0583942
0.530414	0.0973236
0.49635	0.13382
0.364964	0.150852
0.206813	0.172749
0.107056	0.226277
0.0243309	0.274939
0	0.3382
0.080292	0.420925
0.233577	0.486618
0.40146	0.545012
0.547445	0.56691
0.639903	0.581509
0.639903	0.608273
0.552311	0.649635
0.413625	0.688564
0.245742	0.715328
0.126521	0.742092
0.0754258	0.783455
0.0851582	0.849148
0.158151	0.905109
0.304136	0.953771
0.532847	0.987835
0.751825	1
0.832117	0.990268
0.807786	0.970803
************TIME_SERIES************
ClassID: 5
TimeSeriesLength: 30
TimeSeriesData: 
0.185446	0.0422535
0.197183	0.0352113
0.237089	0.00704225
0.34507	0
0.504695	0.0328638
0.659624	0.0985915
0.694836	0.164319
0.570423	0.20892
0.347418	0.223005
0.157277	0.258216
0.056338	0.269953
0	0.288732
0.0187793	0.323944
0.105634	0.399061
0.239437	0.488263
0.380282	0.568075
0.525822	0.619718
0.629108	0.617371
0.664319	0.603286
0.626761	0.615023
0.539906	0.669014
0.42723	0.739437
0.279343	0.795775
0.122066	0.828638
0.0234742	0.847418
0.056338	0.870892
0.187793	0.920188
0.406103	0.964789
0.713615	0.995305
0.957746	1
************TIME_SERIES************
ClassID: 5
TimeSeriesLength: 30
TimeSeriesData: 
0.0940367	0.00229358
0.0940367	0
0.126147	0
0.204128	0.00688073
0.330275	0.0321101
0.465596	0.0802752
0.561927	0.139908
0.550459	0.215596
0.46789	0.272936
0.31422	0.325688
0.172018	0.360092
0.0573394	0.373853
0	0.40367
0.0321101	0.458716
0.135321	0.53211
0.261468	0.605505
0.405963	0.637615
0.550459	0.637615
0.669725	0.633028
0.727064	0.644495
0.71789	0.683486
0.639908	0.752294
0.493119	0.805046
0.332569	0.844037
0.220183	0.87156
0.199541	0.901376
0.252294	0.940367
0.424312	0.970183
0.669725	0.988532
0.944954	1
************TIME_SERIES************
ClassID: 5
TimeSeriesLength: 30
TimeSeriesData: 
0.12933	0.0184758
0.122402	0.0184758
0.150115	0.0115473
0.205543	0
0.290993	0.00692841
0.411085	0.0415704
0.540416	0.0946882
0.6097	0.157044
0.588915	0.230947
0.494226	0.293303
0.323326	0.323326
0.184758	0.351039
0.0669746	0.378753
0	0.413395
0.0415704	0.461894
0.182448	0.524249
0.355658	0.602771
0.52194	0.637413
0.69515	0.655889
0.799076	0.669746
0.819861	0.685912
0.775982	0.729792
0.658199	0.789838
0.48037	0.838337
0.321016	0.859122
0.228637	0.877598
0.212471	0.909931
0.274827	0.949192
0.496536	0.979215
0.794457	1
************TIME_SERIES************
ClassID: 5
TimeSeriesLength: 30
TimeSeriesData: 
0	0
0.0178971	0
0.0447427	0.00671141
0.0738255	0.00447427
0.152125	0.0134228
0.272931	0.0581655
0.402685	0.123043
0.530201	0.185682
0.512304	0.234899
0.364653	0.270694
0.205817	0.304251
0.100671	0.326622
0.0380313	0.353468
0.049217	0.391499
0.10962	0.454139
0.194631	0.532438
0.35123	0.581655
0.545861	0.595078
0.673378	0.604027
0.727069	0.606264
0.709172	0.612975
0.608501	0.630872
0.451902	0.66443
0.286353	0.702461
0.161074	0.738255
0.145414	0.789709
0.246085	0.856823
0.53915	0.892617
0.796421	0.912752
1	0.912752
************TIME_SERIES************
ClassID: 5
TimeSeriesLength: 30
TimeSeriesData: 
0.0571429	0
0.0571429	0.00204082
0.0673469	0.0163265
0.0979592	0.0306122
0.155102	0.0367347
0.269388	0.0734694
0.402041	0.134694
0.479592	0.210204
0.461224	0.277551
0.361224	0.330612
0.181633	0.365306
0.0673469	0.391837
0	0.420408
0.00612245	0.453061
0.077551	0.502041
0.187755	0.555102
0.342857	0.612245
0.5	0.634694
0.630612	0.663265
0.667347	0.710204
0.6	0.757143
0.438776	0.795918
0.293878	0.826531
0.187755	0.855102
0.146939	0.891837
0.204082	0.938776
0.365306	0.97551
0.602041	0.993878
0.822449	1
0.97551	0.995918
************TIME_SERIES************
ClassID: 5
TimeSeriesLength: 30
TimeSeriesData: 
0.196203	0
0.272152	0.0126582
0.299578	0.0147679
0.301688	0.0126582
0.352321	0.0316456
0.474684	0.0759494
0.586498	0.137131
0.594937	0.196203
0.5	0.240506
0.327004	0.270042
0.158228	0.299578
0.0443038	0.329114
0	0.360759
0.0274262	0.411392
0.124473	0.474684
0.28903	0.529536
0.466245	0.544304
0.611814	0.567511
0.685654	0.599156
0.666667	0.639241
0.56962	0.689873
0.42616	0.732068
0.267932	0.772152
0.166667	0.818565
0.170886	0.879747
0.341772	0.921941
0.554852	0.940928
0.770042	0.957806
0.924051	0.947257
1	0.92616
************TIME_SERIES************
ClassID: 5
TimeSeriesLength: 30
TimeSeriesData: 
0.132505	0
0.190476	0.00207039
0.248447	0.0269151
0.327122	0.057971
0.430642	0.109731
0.546584	0.173913
0.569358	0.227743
0.482402	0.267081
0.341615	0.287785
0.169772	0.304348
0.0414079	0.337474
0	0.383023
0.0496894	0.445135
0.151139	0.513458
0.296066	0.57764
0.455487	0.600414
0.583851	0.610766
0.662526	0.627329
0.660455	0.650104
0.556936	0.687371
0.418219	0.73913
0.254658	0.795031
0.118012	0.84058
0.0455487	0.888199
0.0372671	0.931677
0.0786749	0.960663
0.196687	0.977226
0.385093	0.995859
0.641822	1
0.770186	0.995859
************TIME_SERIES************
ClassID: 5
TimeSeriesLength: 30
TimeSeriesData: 
0.0529412	0.00196078
0.0431373	0
0.105882	0.00196078
0.201961	0.0313725
0.321569	0.0941176
0.460784	0.166667
0.54902	0.227451
0.507843	0.268627
0.372549	0.301961
0.192157	0.32549
0.0784314	0.376471
0.0411765	0.431373
0.054902	0.501961
0.129412	0.566667
0.258824	0.627451
0.421569	0.64902
0.57451	0.652941
0.660784	0.670588
0.662745	0.7
0.572549	0.745098
0.417647	0.8
0.235294	0.84902
0.0745098	0.87451
0	0.907843
0.0235294	0.945098
0.119608	0.978431
0.276471	0.990196
0.482353	1
0.654902	0.990196
0.731373	0.97451
************TIME_SERIES************
ClassID: 5
TimeSeriesLength: 30
TimeSeriesData: 
0.153846	0
0.16044	0.0021978
0.171429	0.0021978
0.2	0.0043956
0.281319	0.0197802
0.402198	0.0659341
0.573626	0.131868
0.621978	0.195604
0.540659	0.248352
0.347253	0.287912
0.182418	0.342857
0.0681319	0.393407
0.0021978	0.465934
0	0.549451
0.0725275	0.626374
0.197802	0.687912
0.369231	0.705495
0.531868	0.698901
0.637363	0.672527
0.701099	0.663736
0.70989	0.681319
0.668132	0.742857
0.52967	0.817582
0.397802	0.876923
0.349451	0.927473
0.43956	0.964835
0.556044	0.993407
0.63956	1
0.78022	1
0.967033	1
************TIME_SERIES************
ClassID: 5
TimeSeriesLength: 30
TimeSeriesData: 
0.0626263	0.00808081
0.0585859	0.010101
0.0686869	0.010101
0.119192	0.0020202
0.19596	0
0.294949	0.0343434
0.40404	0.0888889
0.49697	0.151515
0.535354	0.212121
0.49697	0.262626
0.39596	0.30303
0.256566	0.335354
0.137374	0.373737
0.0444444	0.408081
0	0.452525
0.0181818	0.505051
0.0747475	0.559596
0.167677	0.606061
0.290909	0.650505
0.424242	0.674747
0.541414	0.680808
0.612121	0.70101
0.628283	0.733333
0.585859	0.777778
0.456566	0.824242
0.333333	0.874747
0.270707	0.927273
0.357576	0.965657
0.472727	0.991919
0.571717	1
************TIME_SERIES************
ClassID: 5
TimeSeriesLength: 30
TimeSeriesData: 
0.136986	0.0136986
0.152642	0.00978474
0.181996	0.00587084
0.252446	0
0.354207	0.00978474
0.463796	0.0469667
0.53229	0.072407
0.493151	0.111546
0.409002	0.146771
0.317025	0.193738
0.209393	0.250489
0.127202	0.293542
0.0489237	0.334638
0	0.373777
0.0195695	0.426614
0.0802348	0.499022
0.172211	0.565558
0.311155	0.614481
0.450098	0.639922
0.573386	0.645793
0.637965	0.65362
0.649706	0.684932
0.600783	0.737769
0.479452	0.802348
0.356164	0.843444
0.2818	0.874755
0.248532	0.913894
0.258317	0.949119
0.291585	0.976517
0.385519	1
************TIME_SERIES************
ClassID: 5
TimeSeriesLength: 30
TimeSeriesData: 
0.0650888	0.0276134
0.086785	0.025641
0.110454	0.0197239
0.151874	0.00197239
0.266272	0
0.382643	0.0335306
0.441815	0.0848126
0.422091	0.140039
0.313609	0.197239
0.189349	0.250493
0.0966469	0.301775
0.0335306	0.343195
0	0.384615
0.0197239	0.426036
0.0887574	0.491124
0.199211	0.568047
0.349112	0.629191
0.495069	0.678501
0.583826	0.696252
0.623274	0.715976
0.577909	0.749507
0.4714	0.788955
0.351085	0.822485
0.25641	0.846154
0.22288	0.87574
0.248521	0.911243
0.329389	0.948718
0.508876	0.976331
0.741617	0.994083
0.960552	1
