GRT_PIPELINE_FILE_V3.0
PipelineMode: CLASSIFICATION_MODE
NumPreprocessingModules: 0
NumFeatureExtractionModules: 0
NumPostprocessingModules: 0
Trained: 1
Info: 
PreProcessingModuleDatatypes:
FeatureExtractionModuleDatatypes:
ClassificationModuleDatatype:	ANBC
PostProcessingModuleDatatypes:
GRT_ANBC_MODEL_FILE_V2.0
Trained: 1
UseScaling: 1
NumInputDimensions: 120
NumOutputDimensions: 0
NumTrainingIterationsToConverge: 0
MinNumEpochs: 0
MaxNumEpochs: 100
ValidationSetSize: 20
LearningRate: 0.1
MinChange: 1e-05
UseValidationSet: 0
RandomiseTrainingOrder: 1
UseNullRejection: 1
ClassifierMode: 0
NullRejectionCoeff: 10
NumClasses: 5
NullRejectionThresholds:  -132.478 -112.603 -271.402 -302.995 -137.711
ClassLabels:  1 2 3 5 6
Ranges: 
16	89
6	58
0	0
0	0
17	88
6	58
-19	22.2857
-39.3333	29.5
19	86
4	59
-18.8333	19.5
-34.6667	32
25	86
6	66
-24.4286	21.5
-32.3333	29.5714
26	88
8	64
-47.3333	29.6667
-59.5	36.4286
24	90
8	59
-43.4286	27
-47	18.8571
24	90
8	64
-54.8333	25.3333
-39.1667	25.3333
25	91
8	64
-26.8333	27.1429
-39.5714	38.3333
26	94
8	63
-19.8333	26.5
-34	23.5
25	95
7	64
-22.7143	19.8571
-22	35.4286
24	102
7	65
-16.5714	15.5
-32.8333	33.8333
23	102
6	60
-21.8333	22.4286
-43.7143	29.8333
22	104
5	59
-27.3333	19
-32.1667	31
23	109
5	63
-22.1667	24.1667
-31	29.6667
23	106
7	65
-26.6667	20.8571
-27.8333	28.1667
21	101
5	64
-22.2857	28.1429
-35.1667	33.6667
20	94
5	59
-17	46.1667
-45.8333	28.3333
18	90
6	60
-22.8571	36.3333
-35.1429	30.5
17	79
8	61
-17.8333	40.3333
-43.8333	25.4286
16	80
8	59
-15.5	40.5714
-45.3333	33
17	82
7	61
-17.1667	23.8333
-32.8571	27.3333
17	79
7	63
-27.2857	24.4286
-26.7143	33.3333
17	82
6	64
-18.2857	27.3333
-38	37
14	83
7	65
-32.6667	20.7143
-23	30.8571
13	80
6	67
-17.75	35.3333
-37.3333	29.8333
9	80
6	67
-31.1667	15.5
-36.3333	31.5
9	79
6	64
-27.625	23.1667
-31	26.8333
9	80
6	66
-25.5	26.8333
-31.5714	31.1667
8	86
6	69
-33.4286	19.125
-26.5714	31
7	84
6	69
-18	22.1667
-26.8571	26.7143
*************_MODEL_*************
Model_ID: 1
N: 120
ClassLabel: 1
Threshold: -132.478
Gamma: 10
TrainingMu: 95.3548
TrainingSigma: 22.7832
Mu:	0.595205	0.546154	0	0	0.596479	0.522115	0.46857	0.590911	0.603731	0.508182	0.486086	0.542067	0.571311	0.435833	0.517788	0.509808	0.552419	0.4125	0.607693	0.637584	0.555303	0.467647	0.608016	0.700376	0.560606	0.452679	0.677442	0.564575	0.549242	0.470536	0.486672	0.485494	0.516912	0.540909	0.431969	0.496542	0.508571	0.547368	0.555054	0.375267	0.471154	0.539655	0.511194	0.491774	0.483544	0.592593	0.477748	0.610402	0.47439	0.590741	0.598715	0.528741	0.440116	0.515517	0.483395	0.558021	0.457229	0.459483	0.556702	0.527561	0.49875	0.444068	0.44213	0.569338	0.549324	0.47037	0.278453	0.630421	0.593056	0.42963	0.382265	0.580112	0.701613	0.398113	0.309814	0.635063	0.690625	0.467647	0.283641	0.523921	0.658462	0.537037	0.430474	0.446727	0.68629	0.560714	0.532821	0.397155	0.653077	0.589655	0.409315	0.475402	0.657971	0.571552	0.6103	0.426238	0.696269	0.541803	0.327254	0.580605	0.716901	0.511475	0.663178	0.575391	0.725	0.492241	0.545212	0.599203	0.709859	0.438333	0.498418	0.553649	0.655128	0.365079	0.645153	0.550403	0.674675	0.338095	0.453297	0.546655
Sigma:	0.0641715	0.303642	0.1	0.1	0.0681279	0.322172	0.0343857	0.248612	0.0648732	0.336265	0.0548954	0.214779	0.0675448	0.320557	0.034371	0.235574	0.0582423	0.328703	0.0190481	0.127355	0.0580137	0.344661	0.0389479	0.227057	0.0621805	0.316868	0.0171273	0.249801	0.0651923	0.311095	0.0305249	0.216132	0.0640615	0.335613	0.0383372	0.285739	0.0714135	0.34593	0.0702198	0.207147	0.0644223	0.308986	0.0531584	0.170186	0.0498947	0.29532	0.0605651	0.236993	0.0438632	0.296107	0.0519606	0.236023	0.0408547	0.302476	0.0561765	0.264107	0.0429051	0.31719	0.0432839	0.258015	0.049321	0.306005	0.0594436	0.18475	0.0606367	0.316353	0.0324071	0.174944	0.0582497	0.286548	0.0321673	0.259309	0.0660886	0.288357	0.0283107	0.195329	0.0669854	0.326512	0.0396021	0.223454	0.0604355	0.337316	0.0419404	0.222075	0.0685247	0.336449	0.0466365	0.23074	0.0585244	0.330728	0.0485695	0.176329	0.048044	0.325419	0.0531643	0.237877	0.0533272	0.297539	0.0529155	0.219221	0.052481	0.263886	0.0346525	0.258659	0.0532257	0.288095	0.0427129	0.288852	0.0605194	0.316186	0.033695	0.235018	0.0532517	0.295075	0.0523954	0.197437	0.0556563	0.277335	0.041774	0.191015
Weights:	1	1	1	1	1	1	1	1	1	1	1	1	1	1	1	1	1	1	1	1	1	1	1	1	1	1	1	1	1	1	1	1	1	1	1	1	1	1	1	1	1	1	1	1	1	1	1	1	1	1	1	1	1	1	1	1	1	1	1	1	1	1	1	1	1	1	1	1	1	1	1	1	1	1	1	1	1	1	1	1	1	1	1	1	1	1	1	1	1	1	1	1	1	1	1	1	1	1	1	1	1	1	1	1	1	1	1	1	1	1	1	1	1	1	1	1	1	1	1	1
*************_MODEL_*************
Model_ID: 2
N: 120
ClassLabel: 2
Threshold: -112.603
Gamma: 10
TrainingMu: 8.44018
TrainingSigma: 12.1043
Mu:	0.509132	0.429487	0	0	0.531455	0.441667	0.408833	0.554916	0.539801	0.474545	0.480504	0.503702	0.499454	0.431667	0.533394	0.474333	0.455376	0.475	0.644699	0.577537	0.44899	0.542484	0.625766	0.697125	0.427273	0.496429	0.711236	0.597965	0.387374	0.474405	0.542096	0.536359	0.347549	0.455758	0.462123	0.631584	0.353333	0.423392	0.5319	0.425612	0.333761	0.407471	0.501289	0.500505	0.351055	0.45	0.486677	0.606886	0.363415	0.464815	0.55489	0.516419	0.340698	0.454023	0.465809	0.480011	0.371486	0.423563	0.506739	0.494338	0.419167	0.451412	0.423857	0.510866	0.466667	0.507407	0.264441	0.609476	0.505093	0.494444	0.393172	0.527388	0.593548	0.466038	0.317191	0.624525	0.574479	0.502614	0.302687	0.56171	0.542051	0.467284	0.44746	0.574687	0.564516	0.447024	0.525709	0.451686	0.532821	0.436207	0.414962	0.528298	0.550725	0.403448	0.599777	0.444793	0.567662	0.402732	0.368217	0.559537	0.599531	0.406557	0.65338	0.53511	0.620952	0.418391	0.524046	0.552436	0.614085	0.408333	0.48517	0.505992	0.585897	0.412169	0.60621	0.423619	0.592208	0.439153	0.485163	0.46214
Sigma:	0.275928	0.291926	0.1	0.1	0.29077	0.277832	0.22808	0.169267	0.299691	0.278839	0.240509	0.179855	0.287212	0.286555	0.219364	0.18479	0.242941	0.33039	0.176393	0.128964	0.233864	0.343628	0.187291	0.129086	0.25631	0.283217	0.174045	0.205446	0.271467	0.277066	0.185957	0.21354	0.261773	0.300543	0.232479	0.185073	0.254859	0.302494	0.257123	0.224142	0.218572	0.311712	0.253229	0.130936	0.217626	0.319981	0.287473	0.167836	0.208622	0.329313	0.262009	0.174515	0.201127	0.303138	0.265384	0.187019	0.215805	0.290051	0.225055	0.189885	0.226116	0.276127	0.228293	0.160617	0.234269	0.299496	0.174803	0.183517	0.239995	0.290905	0.191362	0.158568	0.262661	0.313933	0.192402	0.182082	0.247994	0.331258	0.190606	0.165293	0.255578	0.316059	0.258812	0.168146	0.277268	0.302591	0.217282	0.224331	0.282655	0.298566	0.247149	0.170248	0.267179	0.307344	0.230598	0.186876	0.273909	0.292454	0.228951	0.147063	0.248388	0.290633	0.240635	0.163852	0.250565	0.299724	0.233071	0.209812	0.257685	0.302884	0.267696	0.167425	0.251796	0.276362	0.235205	0.201004	0.262936	0.265257	0.269079	0.217634
Weights:	1	1	1	1	1	1	1	1	1	1	1	1	1	1	1	1	1	1	1	1	1	1	1	1	1	1	1	1	1	1	1	1	1	1	1	1	1	1	1	1	1	1	1	1	1	1	1	1	1	1	1	1	1	1	1	1	1	1	1	1	1	1	1	1	1	1	1	1	1	1	1	1	1	1	1	1	1	1	1	1	1	1	1	1	1	1	1	1	1	1	1	1	1	1	1	1	1	1	1	1	1	1	1	1	1	1	1	1	1	1	1	1	1	1	1	1	1	1	1	1
*************_MODEL_*************
Model_ID: 3
N: 120
ClassLabel: 3
Threshold: -271.402
Gamma: 10
TrainingMu: 88.1286
TrainingSigma: 35.9531
Mu:	0.242203	0.0810147	0	0	0.238538	0.0855155	0.448048	0.565068	0.240394	0.149323	0.450396	0.484713	0.220439	0.191844	0.42809	0.403573	0.338023	0.405015	0.452536	0.420933	0.523211	0.716729	0.377142	0.405326	0.671502	0.790274	0.503468	0.430247	0.718246	0.815729	0.384572	0.483441	0.710576	0.780271	0.365596	0.664603	0.730699	0.64315	0.471206	0.569524	0.691489	0.485326	0.439031	0.677636	0.720442	0.368006	0.426774	0.777506	0.720031	0.249015	0.555076	0.678419	0.676645	0.156273	0.477348	0.61502	0.66547	0.115187	0.650101	0.508732	0.650266	0.201587	0.599791	0.439612	0.580219	0.367612	0.509238	0.451135	0.496749	0.487392	0.613865	0.367522	0.454015	0.590927	0.522089	0.486251	0.362699	0.708803	0.432443	0.487736	0.286743	0.70725	0.542123	0.519273	0.278312	0.632219	0.570986	0.50615	0.25892	0.539252	0.409842	0.60634	0.291088	0.426632	0.610128	0.572956	0.315973	0.31601	0.32755	0.69571	0.357207	0.239972	0.662905	0.637054	0.365046	0.179751	0.535838	0.643501	0.365898	0.125887	0.477261	0.575936	0.343972	0.0955758	0.636739	0.498432	0.359492	0.0874704	0.455964	0.514742
Sigma:	0.0770745	0.0521188	0.1	0.1	0.0756427	0.0712598	0.0268296	0.0291533	0.0855268	0.11886	0.0537391	0.0798019	0.105181	0.176687	0.107424	0.1441	0.177418	0.254755	0.127348	0.148532	0.168271	0.213067	0.133384	0.198753	0.132167	0.11266	0.133791	0.166142	0.11047	0.0905276	0.106516	0.0913788	0.105828	0.112453	0.0822574	0.116973	0.112288	0.186575	0.10183	0.159056	0.112481	0.214623	0.0934112	0.0998652	0.117234	0.219848	0.0717757	0.0803719	0.113463	0.170243	0.0981187	0.122669	0.107905	0.121458	0.07829	0.0974778	0.118507	0.0855376	0.128247	0.130776	0.151453	0.127093	0.155743	0.132287	0.209718	0.24938	0.185027	0.177248	0.241402	0.30208	0.153354	0.150269	0.232494	0.274752	0.17161	0.156612	0.171254	0.238609	0.168292	0.141986	0.125003	0.200667	0.166128	0.170754	0.113874	0.235071	0.102585	0.168907	0.0963613	0.271701	0.0945033	0.147428	0.0887151	0.287953	0.0715002	0.163775	0.0927046	0.2653	0.0381826	0.141544	0.0835538	0.230205	0.0445617	0.112198	0.0831825	0.209897	0.0537556	0.129906	0.0832986	0.153966	0.0457082	0.119688	0.0762381	0.119128	0.0238326	0.0826764	0.0779741	0.102114	0.034481	0.0539273
Weights:	1	1	1	1	1	1	1	1	1	1	1	1	1	1	1	1	1	1	1	1	1	1	1	1	1	1	1	1	1	1	1	1	1	1	1	1	1	1	1	1	1	1	1	1	1	1	1	1	1	1	1	1	1	1	1	1	1	1	1	1	1	1	1	1	1	1	1	1	1	1	1	1	1	1	1	1	1	1	1	1	1	1	1	1	1	1	1	1	1	1	1	1	1	1	1	1	1	1	1	1	1	1	1	1	1	1	1	1	1	1	1	1	1	1	1	1	1	1	1	1
*************_MODEL_*************
Model_ID: 4
N: 120
ClassLabel: 5
Threshold: -302.995
Gamma: 10
TrainingMu: 97.5529
TrainingSigma: 40.0548
Mu:	0.678082	0.703234	0	0	0.68886	0.729895	0.445795	0.543233	0.690638	0.701653	0.511894	0.550195	0.643815	0.561742	0.563694	0.588134	0.590543	0.478084	0.646966	0.696397	0.552342	0.447861	0.659758	0.803404	0.506543	0.360795	0.737408	0.66483	0.443526	0.359578	0.586976	0.509625	0.362634	0.409504	0.547934	0.534012	0.325325	0.481659	0.62712	0.285471	0.276807	0.547022	0.619762	0.398826	0.264097	0.661616	0.550492	0.529979	0.254435	0.675926	0.620052	0.518103	0.216966	0.612853	0.514601	0.535839	0.213582	0.531348	0.590395	0.568553	0.234091	0.503852	0.471738	0.57731	0.244165	0.517256	0.3062	0.655094	0.255997	0.475168	0.428253	0.563434	0.282991	0.461835	0.350306	0.618557	0.264915	0.526738	0.321452	0.534557	0.217483	0.563552	0.48231	0.485291	0.206378	0.587256	0.567595	0.385909	0.18007	0.600313	0.435881	0.48755	0.197299	0.576019	0.642512	0.438721	0.199796	0.545455	0.368883	0.583727	0.227913	0.527198	0.703078	0.558996	0.210714	0.541928	0.585877	0.551888	0.18598	0.520833	0.528911	0.50554	0.166667	0.491342	0.669453	0.47004	0.172373	0.484488	0.473937	0.513547
Sigma:	0.16988	0.143455	0.1	0.1	0.168133	0.143488	0.0791434	0.0945988	0.174366	0.154592	0.0858688	0.0782754	0.195042	0.146076	0.0860201	0.092033	0.203906	0.146944	0.0391795	0.0519618	0.201921	0.152583	0.0456625	0.0778498	0.211552	0.158815	0.0365861	0.125548	0.212181	0.182539	0.054757	0.0872966	0.195274	0.218375	0.0722509	0.0966637	0.178052	0.229133	0.0599663	0.0884645	0.143012	0.222213	0.103665	0.110708	0.129164	0.203972	0.0722052	0.128576	0.116128	0.179877	0.0404784	0.119428	0.103273	0.137502	0.056938	0.166783	0.109575	0.144886	0.0468256	0.145992	0.120632	0.150951	0.0395841	0.0821973	0.139843	0.159572	0.0387223	0.081155	0.144412	0.17187	0.0355775	0.133994	0.165125	0.204006	0.0411299	0.10861	0.15036	0.247538	0.0387525	0.0930636	0.136463	0.242684	0.0705252	0.13822	0.134027	0.233027	0.0544904	0.124836	0.119011	0.194186	0.04787	0.134515	0.107559	0.173227	0.0456579	0.140895	0.110676	0.158166	0.0396124	0.123501	0.105891	0.150246	0.0436959	0.120423	0.109281	0.153466	0.052154	0.141945	0.109123	0.177811	0.0354039	0.146772	0.0945756	0.190782	0.044092	0.136412	0.0879201	0.199035	0.0650404	0.128002
Weights:	1	1	1	1	1	1	1	1	1	1	1	1	1	1	1	1	1	1	1	1	1	1	1	1	1	1	1	1	1	1	1	1	1	1	1	1	1	1	1	1	1	1	1	1	1	1	1	1	1	1	1	1	1	1	1	1	1	1	1	1	1	1	1	1	1	1	1	1	1	1	1	1	1	1	1	1	1	1	1	1	1	1	1	1	1	1	1	1	1	1	1	1	1	1	1	1	1	1	1	1	1	1	1	1	1	1	1	1	1	1	1	1	1	1	1	1	1	1	1	1
*************_MODEL_*************
Model_ID: 5
N: 120
ClassLabel: 6
Threshold: -137.711
Gamma: 10
TrainingMu: 150.426
TrainingSigma: 28.8137
Mu:	0.325031	0.140443	0	0	0.367478	0.126457	0.350355	0.585789	0.429218	0.163085	0.311561	0.511001	0.456533	0.129798	0.370855	0.503339	0.497556	0.119589	0.540668	0.606941	0.52663	0.16221	0.579488	0.680016	0.506887	0.16829	0.710371	0.578924	0.419651	0.199675	0.626216	0.476886	0.311052	0.231405	0.59788	0.55206	0.231602	0.270601	0.737766	0.339547	0.17094	0.298851	0.68898	0.450306	0.163406	0.368126	0.53571	0.566068	0.17997	0.409091	0.566564	0.482659	0.192389	0.400209	0.393526	0.487728	0.24644	0.382445	0.450827	0.473102	0.332955	0.43246	0.321838	0.481751	0.413595	0.504489	0.201528	0.58538	0.478956	0.523008	0.342083	0.494591	0.572825	0.539737	0.306885	0.581739	0.550189	0.601901	0.312273	0.540759	0.494639	0.624018	0.485794	0.49748	0.454545	0.634199	0.636589	0.400227	0.373427	0.65883	0.519314	0.477182	0.351779	0.670846	0.691401	0.379666	0.351425	0.682563	0.381014	0.520116	0.387537	0.708395	0.670592	0.501532	0.422944	0.768548	0.480549	0.50174	0.456679	0.767172	0.411497	0.473247	0.467366	0.747956	0.559254	0.434583	0.521842	0.767677	0.342799	0.469136
Sigma:	0.0939925	0.0649457	0.1	0.1	0.105772	0.0410855	0.0615761	0.0503124	0.125377	0.0400116	0.105897	0.0195407	0.143917	0.0418242	0.0738444	0.0195047	0.116666	0.0473477	0.0467512	0.0122655	0.0994295	0.0578499	0.0515043	0.0220404	0.100224	0.0613787	0.0551603	0.0165241	0.123469	0.0771243	0.114638	0.0266914	0.124519	0.0909401	0.0965541	0.0287491	0.11967	0.103236	0.101019	0.034271	0.0913133	0.113606	0.121647	0.0305854	0.0759733	0.122817	0.127206	0.0226309	0.0751777	0.12443	0.0995343	0.0227105	0.0894618	0.117314	0.0826525	0.0214202	0.0995386	0.119254	0.0785889	0.0221194	0.109723	0.123255	0.0887175	0.0249013	0.122926	0.137729	0.0815176	0.0221423	0.132406	0.137183	0.101588	0.0198801	0.171602	0.141426	0.115453	0.0205795	0.176334	0.142872	0.0880558	0.0161945	0.178634	0.134617	0.124507	0.0303319	0.184184	0.1273	0.0898136	0.0223914	0.146572	0.122505	0.10908	0.0181225	0.11116	0.113908	0.0973762	0.0261223	0.0944031	0.10399	0.102665	0.024986	0.0950783	0.100536	0.126757	0.0258908	0.114171	0.10862	0.124821	0.0244864	0.130758	0.107891	0.0822924	0.0214263	0.13063	0.105868	0.0845665	0.0187602	0.133333	0.1055	0.160163	0.0242715
Weights:	1	1	1	1	1	1	1	1	1	1	1	1	1	1	1	1	1	1	1	1	1	1	1	1	1	1	1	1	1	1	1	1	1	1	1	1	1	1	1	1	1	1	1	1	1	1	1	1	1	1	1	1	1	1	1	1	1	1	1	1	1	1	1	1	1	1	1	1	1	1	1	1	1	1	1	1	1	1	1	1	1	1	1	1	1	1	1	1	1	1	1	1	1	1	1	1	1	1	1	1	1	1	1	1	1	1	1	1	1	1	1	1	1	1	1	1	1	1	1	1
