GRT_PIPELINE_FILE_V3.0
PipelineMode: CLASSIFICATION_MODE
NumPreprocessingModules: 0
NumFeatureExtractionModules: 0
NumPostprocessingModules: 0
Trained: 1
Info: 
PreProcessingModuleDatatypes:
FeatureExtractionModuleDatatypes:
ClassificationModuleDatatype:	ANBC
PostProcessingModuleDatatypes:
GRT_ANBC_MODEL_FILE_V2.0
Trained: 1
UseScaling: 1
NumInputDimensions: 120
NumOutputDimensions: 0
NumTrainingIterationsToConverge: 0
MinNumEpochs: 0
MaxNumEpochs: 100
ValidationSetSize: 20
LearningRate: 0.1
MinChange: 1e-05
UseValidationSet: 0
RandomiseTrainingOrder: 1
UseNullRejection: 1
ClassifierMode: 0
NullRejectionCoeff: 10
NumClasses: 5
NullRejectionThresholds:  -118.288 -69.9204 -334.05 -175.493 -175.382
ClassLabels:  1 2 3 5 6
Ranges: 
0	1
0	1
0	0
0	0
0	1
0	1
-0.0381137	0.0422879
-0.0710383	0.0516637
0	1
0	1
-0.0669782	0.0391566
-0.0685113	0.0632411
0	1
0	1
-0.0520423	0.0347896
-0.0699855	0.0682942
0.00759013	1
0	1
-0.0967961	0.0531661
-0.121926	0.0691245
0	1
0	1
-0.0760571	0.0547667
-0.0985184	0.0457697
0	1
0	1
-0.081355	0.0555554
-0.0801006	0.0569206
0	1
0	1
-0.0455487	0.0818505
-0.0782043	0.0785518
0	0.993464
0	1
-0.0382882	0.0546358
-0.0785219	0.0435993
0	1
0	1
-0.0477191	0.0916667
-0.0615142	0.0667205
0	1
0	1
-0.0598958	0.063786
-0.0810699	0.070486
0	1
0.00395257	1
-0.0811288	0.0475182
-0.0957447	0.0636104
0	1
0	1
-0.0562061	0.0491453
-0.0635706	0.065514
0	1
0	1
-0.0406913	0.0469136
-0.070154	0.0732089
0.00413223	1
0	1
-0.0486619	0.0418719
-0.0608535	0.056962
0	1
0	1
-0.0728395	0.0546448
-0.0694994	0.0638837
0	1
0	1
-0.0449438	0.0896441
-0.0937286	0.0609318
0	1
0	1
-0.0465332	0.0604547
-0.0779801	0.0657679
0	1
0	1
-0.0537634	0.0821105
-0.0844572	0.0640694
0	1
0	1
-0.0576923	0.060195
-0.0895915	0.0663984
0	1
0	1
-0.0455682	0.0487389
-0.0592593	0.0563674
0	1
0	1
-0.0534188	0.0780731
-0.0771724	0.0664488
0	1
0	1
-0.0389195	0.0575756
-0.0900085	0.0734127
0	1
0	1
-0.112403	0.0598291
-0.0682069	0.0638863
0	1
0	1
-0.0583333	0.0718654
-0.0762363	0.0593107
0	1
0	1
-0.0600514	0.0430108
-0.0725924	0.0658996
0	0.982869
0	1
-0.0572391	0.0449438
-0.0597303	0.0566554
0	1
0	1
-0.0465328	0.0494168
-0.091837	0.072892
0	1
0	1
-0.0623668	0.0702575
-0.0559398	0.0612648
0	1
0	1
-0.0535714	0.056247
-0.0585122	0.0642171
*************_MODEL_*************
Model_ID: 1
N: 120
ClassLabel: 1
Threshold: -118.288
Gamma: 10
TrainingMu: 2.71304
TrainingSigma: 12.1001
Mu:	0.451214	0.471497	0	0	0.424225	0.445253	0.5248	0.599815	0.438958	0.416814	0.607352	0.5474	0.488266	0.418669	0.519669	0.498728	0.518544	0.393058	0.611848	0.659229	0.544607	0.403704	0.552882	0.675135	0.569431	0.430216	0.56221	0.547228	0.616223	0.452144	0.306227	0.475961	0.595022	0.521331	0.454817	0.551605	0.528092	0.535012	0.40792	0.466889	0.547815	0.544739	0.462221	0.527588	0.607329	0.544426	0.56332	0.60976	0.598911	0.524326	0.553446	0.510968	0.610352	0.481632	0.449621	0.531514	0.62122	0.449747	0.512538	0.553301	0.607887	0.396408	0.587286	0.586454	0.564737	0.378284	0.387256	0.621735	0.565693	0.346671	0.42713	0.590157	0.540839	0.343623	0.419946	0.573062	0.515918	0.401607	0.512605	0.514515	0.485049	0.48906	0.527924	0.403552	0.45863	0.543639	0.425999	0.491657	0.442049	0.584871	0.430608	0.518359	0.459283	0.589055	0.638863	0.5082	0.497297	0.563914	0.404738	0.589993	0.523275	0.52632	0.545856	0.565877	0.523772	0.46518	0.564499	0.583347	0.470286	0.417107	0.560708	0.60045	0.403852	0.345891	0.537848	0.571043	0.372846	0.305703	0.534472	0.52321
Sigma:	0.293606	0.335018	0.1	0.1	0.297548	0.355007	0.220387	0.273198	0.254826	0.379905	0.188768	0.220817	0.238274	0.389599	0.166068	0.224125	0.210903	0.362912	0.116014	0.132263	0.219363	0.348321	0.189994	0.211545	0.237366	0.35439	0.0985822	0.235034	0.230602	0.358227	0.144097	0.215757	0.227994	0.376815	0.219656	0.274919	0.302432	0.397064	0.195182	0.187346	0.305192	0.356931	0.184512	0.163288	0.189596	0.333384	0.231222	0.221961	0.191674	0.331075	0.254234	0.229302	0.253556	0.360129	0.278844	0.221755	0.294156	0.370912	0.230826	0.248385	0.285372	0.359463	0.221645	0.196077	0.304229	0.340535	0.146406	0.172623	0.270283	0.31269	0.165445	0.238772	0.264685	0.314631	0.131933	0.187697	0.297676	0.341164	0.200986	0.22878	0.260422	0.365604	0.172819	0.231361	0.295869	0.379375	0.215448	0.196447	0.310728	0.389368	0.248174	0.166126	0.282847	0.38375	0.184749	0.199813	0.301785	0.368049	0.212244	0.212419	0.289431	0.325662	0.165598	0.25464	0.240282	0.333513	0.231514	0.287439	0.264294	0.378008	0.2143	0.192407	0.294929	0.376427	0.197472	0.196025	0.300097	0.358907	0.16258	0.174135
Weights:	1	1	1	1	1	1	1	1	1	1	1	1	1	1	1	1	1	1	1	1	1	1	1	1	1	1	1	1	1	1	1	1	1	1	1	1	1	1	1	1	1	1	1	1	1	1	1	1	1	1	1	1	1	1	1	1	1	1	1	1	1	1	1	1	1	1	1	1	1	1	1	1	1	1	1	1	1	1	1	1	1	1	1	1	1	1	1	1	1	1	1	1	1	1	1	1	1	1	1	1	1	1	1	1	1	1	1	1	1	1	1	1	1	1	1	1	1	1	1	1
*************_MODEL_*************
Model_ID: 2
N: 120
ClassLabel: 2
Threshold: -69.9204
Gamma: 10
TrainingMu: -1.40898
TrainingSigma: 6.85115
Mu:	0.510083	0.390158	0	0	0.540746	0.405503	0.42398	0.559125	0.546091	0.429947	0.625415	0.500869	0.550398	0.474571	0.600497	0.458315	0.521488	0.530064	0.675983	0.592386	0.510783	0.548627	0.593907	0.668047	0.485406	0.548833	0.624617	0.580471	0.455679	0.520085	0.391692	0.529018	0.442405	0.488133	0.442047	0.68641	0.444361	0.448108	0.337968	0.518055	0.450609	0.437983	0.474929	0.541301	0.465558	0.429047	0.625746	0.612019	0.485369	0.429247	0.50572	0.497536	0.492091	0.458544	0.455777	0.458875	0.518257	0.46388	0.486692	0.513839	0.529707	0.466892	0.559909	0.519643	0.529556	0.478608	0.330319	0.600592	0.523536	0.485413	0.442602	0.534143	0.51427	0.48504	0.403504	0.561067	0.499679	0.501713	0.509471	0.55717	0.489405	0.47057	0.505039	0.546822	0.489247	0.468449	0.401616	0.542977	0.482407	0.453704	0.41323	0.568889	0.490949	0.438127	0.644997	0.529911	0.46926	0.442827	0.475587	0.565527	0.478026	0.445871	0.572574	0.523274	0.50211	0.435226	0.545569	0.529202	0.493238	0.440181	0.488842	0.559567	0.511556	0.472615	0.449488	0.438585	0.48936	0.508002	0.51589	0.439217
Sigma:	0.377718	0.309448	0.1	0.1	0.381811	0.298056	0.224406	0.20498	0.370148	0.326903	0.170107	0.190549	0.32526	0.374635	0.223803	0.174266	0.284591	0.40453	0.178299	0.132225	0.306432	0.376998	0.200029	0.125361	0.347104	0.338666	0.190506	0.203369	0.362744	0.327044	0.153821	0.227987	0.358393	0.346301	0.225643	0.187544	0.352375	0.35945	0.161327	0.212466	0.332484	0.376484	0.129517	0.122395	0.330934	0.365322	0.196838	0.160906	0.323934	0.370596	0.227653	0.182701	0.317286	0.363689	0.27075	0.168782	0.321983	0.349403	0.224961	0.192296	0.323389	0.342235	0.182501	0.181027	0.316617	0.349697	0.163219	0.189779	0.326209	0.346856	0.20636	0.154214	0.319253	0.367105	0.159282	0.179689	0.318339	0.372336	0.177994	0.172557	0.329705	0.37123	0.222995	0.18959	0.344994	0.359218	0.165756	0.203212	0.362578	0.359367	0.235143	0.166396	0.366344	0.36472	0.142126	0.16477	0.360878	0.36696	0.182031	0.15222	0.34835	0.361784	0.213107	0.170266	0.343321	0.358823	0.213309	0.225051	0.332634	0.37681	0.282324	0.132278	0.353676	0.365661	0.183731	0.216605	0.364379	0.360562	0.196522	0.202326
Weights:	1	1	1	1	1	1	1	1	1	1	1	1	1	1	1	1	1	1	1	1	1	1	1	1	1	1	1	1	1	1	1	1	1	1	1	1	1	1	1	1	1	1	1	1	1	1	1	1	1	1	1	1	1	1	1	1	1	1	1	1	1	1	1	1	1	1	1	1	1	1	1	1	1	1	1	1	1	1	1	1	1	1	1	1	1	1	1	1	1	1	1	1	1	1	1	1	1	1	1	1	1	1	1	1	1	1	1	1	1	1	1	1	1	1	1	1	1	1	1	1
*************_MODEL_*************
Model_ID: 3
N: 120
ClassLabel: 3
Threshold: -334.05
Gamma: 10
TrainingMu: 94.8764
TrainingSigma: 42.8926
Mu:	0.0918277	0.0341978	0	0	0.0990195	0.0416559	0.462105	0.571016	0.121357	0.0778329	0.601952	0.48275	0.183389	0.18824	0.497477	0.394972	0.34058	0.461626	0.486238	0.43001	0.558346	0.750921	0.342897	0.388439	0.734579	0.91299	0.40464	0.41071	0.806556	0.942241	0.27447	0.471999	0.845052	0.886901	0.358517	0.712057	0.869534	0.739131	0.310758	0.650002	0.899539	0.56172	0.449434	0.704249	0.936554	0.365409	0.58917	0.779015	0.957316	0.211719	0.505645	0.66696	0.958461	0.119431	0.462373	0.583569	0.908481	0.107293	0.618851	0.53025	0.811834	0.170958	0.68565	0.447897	0.630957	0.33652	0.53736	0.441962	0.464384	0.493128	0.663351	0.381846	0.307748	0.637713	0.564913	0.425742	0.197695	0.741132	0.625233	0.477128	0.130948	0.764625	0.584972	0.480687	0.101854	0.710545	0.439136	0.587979	0.0933142	0.604915	0.416165	0.644995	0.092867	0.492631	0.653532	0.636629	0.0967319	0.357651	0.443375	0.706481	0.0987025	0.26215	0.578334	0.628363	0.106917	0.170133	0.550918	0.628235	0.112472	0.105396	0.473086	0.618352	0.112537	0.0729295	0.470172	0.517526	0.108142	0.0627171	0.492641	0.489335
Sigma:	0.0711866	0.037583	0.1	0.1	0.0733123	0.0568381	0.0266509	0.0351917	0.0849157	0.120846	0.0411091	0.0815611	0.118132	0.21283	0.0999847	0.133322	0.20698	0.295501	0.132019	0.148938	0.195737	0.227623	0.138102	0.188369	0.141172	0.117107	0.12505	0.160822	0.104594	0.0819487	0.0702975	0.0944787	0.0880465	0.113957	0.0711986	0.110237	0.0750401	0.207091	0.0471108	0.138044	0.0732907	0.244934	0.0437545	0.0905371	0.0593258	0.234464	0.0413893	0.0808935	0.0412885	0.17586	0.0800164	0.126017	0.0502	0.129507	0.0759327	0.0902365	0.0999757	0.0997845	0.116154	0.128432	0.174687	0.163992	0.114209	0.137719	0.271377	0.289779	0.153964	0.172594	0.312761	0.34689	0.147077	0.144454	0.268746	0.305815	0.12978	0.147482	0.212711	0.250747	0.138314	0.148172	0.154734	0.209515	0.137942	0.190411	0.127594	0.251555	0.0746462	0.146925	0.0975038	0.308641	0.0930084	0.1443	0.0849372	0.334102	0.0448619	0.134832	0.0847701	0.325704	0.0294399	0.145251	0.0702347	0.280917	0.0407224	0.112453	0.066816	0.240153	0.0537115	0.136997	0.0698786	0.177969	0.0529727	0.100588	0.0766048	0.144299	0.0200397	0.0901597	0.0797323	0.121691	0.0261326	0.0503027
Weights:	1	1	1	1	1	1	1	1	1	1	1	1	1	1	1	1	1	1	1	1	1	1	1	1	1	1	1	1	1	1	1	1	1	1	1	1	1	1	1	1	1	1	1	1	1	1	1	1	1	1	1	1	1	1	1	1	1	1	1	1	1	1	1	1	1	1	1	1	1	1	1	1	1	1	1	1	1	1	1	1	1	1	1	1	1	1	1	1	1	1	1	1	1	1	1	1	1	1	1	1	1	1	1	1	1	1	1	1	1	1	1	1	1	1	1	1	1	1	1	1
*************_MODEL_*************
Model_ID: 4
N: 120
ClassLabel: 5
Threshold: -175.493
Gamma: 10
TrainingMu: 92.6295
TrainingSigma: 26.8122
Mu:	0.945597	0.696398	0	0	0.959229	0.739432	0.448865	0.527849	0.95175	0.683828	0.639597	0.580556	0.932052	0.575544	0.631995	0.614651	0.89567	0.39519	0.680505	0.781733	0.853664	0.247354	0.628352	0.831712	0.791766	0.152865	0.660308	0.681899	0.725838	0.158372	0.434723	0.494317	0.651545	0.263591	0.540244	0.519939	0.585405	0.42364	0.405728	0.299436	0.53653	0.588632	0.541656	0.378351	0.497431	0.692974	0.676242	0.499973	0.476361	0.663247	0.562109	0.533472	0.45621	0.585975	0.499033	0.569647	0.43669	0.471989	0.564912	0.661351	0.419036	0.356699	0.593613	0.647776	0.387258	0.30119	0.368307	0.660305	0.352432	0.285718	0.48254	0.55847	0.315851	0.343301	0.433439	0.516391	0.279376	0.454171	0.534306	0.472062	0.242139	0.550799	0.542277	0.392885	0.211307	0.631408	0.441444	0.456695	0.186793	0.63642	0.440049	0.544661	0.164065	0.60313	0.672489	0.555284	0.138047	0.542727	0.476962	0.630996	0.114874	0.501997	0.615292	0.567623	0.0879071	0.48147	0.602176	0.537134	0.054123	0.505541	0.532751	0.535326	0.0295085	0.514575	0.496569	0.469521	0.0124729	0.509095	0.509175	0.482803
Sigma:	0.0885199	0.253432	0.1	0.1	0.0485899	0.245179	0.10766	0.185629	0.052609	0.261249	0.0680917	0.142435	0.0731432	0.259242	0.0823622	0.137635	0.0945274	0.225134	0.0423348	0.0912186	0.115618	0.186543	0.0448432	0.0976134	0.138192	0.168334	0.046438	0.161601	0.149096	0.193792	0.0408625	0.145399	0.14286	0.25015	0.073507	0.17981	0.127597	0.293801	0.0378143	0.150133	0.107362	0.303817	0.0499767	0.152896	0.0979776	0.26983	0.0582451	0.202046	0.087254	0.26637	0.0472607	0.200846	0.0811922	0.269578	0.0610491	0.219754	0.0838101	0.297148	0.0473248	0.20525	0.0859207	0.297701	0.0306289	0.131588	0.0907616	0.258994	0.0336634	0.138146	0.0943529	0.2249	0.0382395	0.192658	0.0903307	0.257024	0.0294016	0.178111	0.0852766	0.312747	0.0362335	0.161822	0.0742539	0.322853	0.0700228	0.222207	0.0776701	0.325594	0.0504513	0.199699	0.082677	0.320603	0.0484666	0.200521	0.0806273	0.303754	0.0318278	0.188921	0.074122	0.30634	0.0316157	0.186138	0.0651528	0.292856	0.0388537	0.184831	0.0518907	0.271504	0.0498391	0.223715	0.0424506	0.304696	0.0382418	0.205908	0.0232864	0.336846	0.0344346	0.227372	0.0248793	0.331921	0.0464712	0.190765
Weights:	1	1	1	1	1	1	1	1	1	1	1	1	1	1	1	1	1	1	1	1	1	1	1	1	1	1	1	1	1	1	1	1	1	1	1	1	1	1	1	1	1	1	1	1	1	1	1	1	1	1	1	1	1	1	1	1	1	1	1	1	1	1	1	1	1	1	1	1	1	1	1	1	1	1	1	1	1	1	1	1	1	1	1	1	1	1	1	1	1	1	1	1	1	1	1	1	1	1	1	1	1	1	1	1	1	1	1	1	1	1	1	1	1	1	1	1	1	1	1	1
*************_MODEL_*************
Model_ID: 5
N: 120
ClassLabel: 6
Threshold: -175.382
Gamma: 10
TrainingMu: 137.756
TrainingSigma: 31.3138
Mu:	0.295237	0.0273839	0	0	0.409351	0.0112655	0.283795	0.597957	0.566565	0.0198083	0.411259	0.509738	0.73815	0.0385945	0.309962	0.486197	0.870275	0.0590212	0.518392	0.623144	0.939037	0.0951971	0.511375	0.647452	0.892194	0.124302	0.647928	0.55348	0.728044	0.161565	0.54728	0.463972	0.5442	0.197124	0.700996	0.601204	0.340639	0.236516	0.551396	0.43514	0.207344	0.282563	0.636184	0.491713	0.16133	0.315055	0.677974	0.569169	0.188414	0.348699	0.500937	0.4605	0.284134	0.372003	0.31236	0.466618	0.409708	0.393312	0.338328	0.490643	0.555075	0.4257	0.415069	0.486689	0.652112	0.466181	0.228623	0.569288	0.715588	0.513733	0.353778	0.498046	0.716563	0.570425	0.394707	0.511682	0.673583	0.619753	0.54653	0.527914	0.601578	0.66888	0.583585	0.451398	0.468273	0.713614	0.54816	0.493043	0.340023	0.752396	0.589579	0.517792	0.24028	0.79593	0.736148	0.468284	0.182439	0.839298	0.510163	0.518898	0.183821	0.880329	0.581589	0.482512	0.257915	0.912353	0.455482	0.472511	0.349849	0.944747	0.346987	0.530542	0.447787	0.971202	0.368716	0.446355	0.540261	0.999549	0.361445	0.443443
Sigma:	0.135696	0.0810629	0.1	0.1	0.132282	0.0310733	0.100821	0.0685478	0.164249	0.0222118	0.12315	0.0239649	0.16959	0.0255636	0.132435	0.0204117	0.124832	0.0324704	0.0785764	0.0136326	0.090433	0.0428073	0.0959928	0.0206884	0.117656	0.0509568	0.112985	0.0169983	0.199724	0.0654497	0.169496	0.0269233	0.230967	0.0789453	0.154297	0.026625	0.206039	0.09492	0.0989626	0.033767	0.155334	0.106475	0.112285	0.0301303	0.120363	0.106781	0.149363	0.0264368	0.143747	0.105872	0.150474	0.0271291	0.207832	0.107908	0.145617	0.0190521	0.220233	0.109905	0.149854	0.0244042	0.217855	0.113266	0.11429	0.0273472	0.22098	0.111021	0.130462	0.0235646	0.231343	0.10589	0.191733	0.0209618	0.275183	0.099096	0.160035	0.0214181	0.303979	0.088015	0.139973	0.0217807	0.327808	0.081159	0.196087	0.0407342	0.324452	0.0730748	0.118412	0.0208848	0.27108	0.064084	0.170998	0.0202267	0.204873	0.0552041	0.106801	0.028205	0.153298	0.045556	0.136122	0.0310439	0.164581	0.0469101	0.191181	0.0338907	0.218939	0.0380219	0.206432	0.029933	0.264242	0.0288056	0.152337	0.0173551	0.290326	0.0189561	0.112446	0.0198457	0.286778	0.00225918	0.197102	0.0237526
Weights:	1	1	1	1	1	1	1	1	1	1	1	1	1	1	1	1	1	1	1	1	1	1	1	1	1	1	1	1	1	1	1	1	1	1	1	1	1	1	1	1	1	1	1	1	1	1	1	1	1	1	1	1	1	1	1	1	1	1	1	1	1	1	1	1	1	1	1	1	1	1	1	1	1	1	1	1	1	1	1	1	1	1	1	1	1	1	1	1	1	1	1	1	1	1	1	1	1	1	1	1	1	1	1	1	1	1	1	1	1	1	1	1	1	1	1	1	1	1	1	1
