GRT_PIPELINE_FILE_V3.0
PipelineMode: CLASSIFICATION_MODE
NumPreprocessingModules: 0
NumFeatureExtractionModules: 0
NumPostprocessingModules: 0
Trained: 1
Info: 
PreProcessingModuleDatatypes:
FeatureExtractionModuleDatatypes:
ClassificationModuleDatatype:	ANBC
PostProcessingModuleDatatypes:
GRT_ANBC_MODEL_FILE_V2.0
Trained: 1
UseScaling: 1
NumInputDimensions: 120
NumOutputDimensions: 0
NumTrainingIterationsToConverge: 0
MinNumEpochs: 0
MaxNumEpochs: 100
ValidationSetSize: 20
LearningRate: 0.1
MinChange: 1e-05
UseValidationSet: 0
RandomiseTrainingOrder: 1
UseNullRejection: 1
ClassifierMode: 0
NullRejectionCoeff: 10
NumClasses: 5
NullRejectionThresholds:  -134.15 -112.874 -272.878 -303.159 -137.167
ClassLabels:  1 2 3 5 6
Ranges: 
160	891
61	589
0	0
0	0
175	880
62	580
-19	22.2857
-39.3333	29.5
197	868
48	591
-18.8333	19.5
-34.6667	32
253	866
67	663
-24.4286	21.5
-32.3333	29.5714
269	884
83	644
-47.3333	29.6667
-59.5	36.4286
247	903
88	593
-43.4286	27
-47	18.8571
249	909
82	640
-54.8333	25.3333
-39.1667	25.3333
257	912
82	648
-26.8333	27.1429
-39.5714	38.3333
265	948
80	636
-19.8333	26.5
-34	23.5
256	957
78	642
-22.7143	19.8571
-22	35.4286
245	1020
71	657
-16.5714	15.5
-32.8333	33.8333
238	1020
62	600
-21.8333	22.4286
-43.7143	29.8333
229	1047
50	591
-27.3333	19
-32.1667	31
239	1093
59	636
-22.1667	24.1667
-31	29.6667
234	1065
71	652
-26.6667	20.8571
-27.8333	28.1667
216	1016
54	643
-22.2857	28.1429
-35.1667	33.6667
206	946
58	595
-17	46.1667
-45.8333	28.3333
181	909
67	605
-22.8571	36.3333
-35.1429	30.5
173	799
82	613
-17.8333	40.3333
-43.8333	25.4286
168	807
85	596
-15.5	40.5714
-45.3333	33
170	823
75	612
-17.1667	23.8333
-32.8571	27.3333
175	798
72	635
-27.2857	24.4286
-26.7143	33.3333
171	824
69	643
-18.2857	27.3333
-38	37
144	830
70	654
-32.6667	20.7143
-23	30.8571
135	803
68	678
-17.75	35.3333
-37.3333	29.8333
95	807
62	674
-31.1667	15.5
-36.3333	31.5
95	799
62	643
-27.625	23.1667
-31	26.8333
96	809
61	663
-25.5	26.8333
-31.5714	31.1667
84	862
67	693
-33.4286	19.125
-26.5714	31
79	842
62	696
-18	22.1667
-26.8571	26.7143
*************_MODEL_*************
Model_ID: 1
N: 120
ClassLabel: 1
Threshold: -134.15
Gamma: 10
TrainingMu: 95.3857
TrainingSigma: 22.9536
Mu:	0.6013	0.546023	0	0	0.598865	0.527992	0.46857	0.590911	0.598137	0.507182	0.486086	0.542067	0.570962	0.434648	0.517788	0.509808	0.549024	0.414349	0.607693	0.637584	0.553735	0.465446	0.608016	0.700376	0.552045	0.458244	0.677442	0.564575	0.550153	0.469965	0.486672	0.485494	0.514495	0.543525	0.431969	0.496542	0.505278	0.546365	0.555054	0.375267	0.473032	0.539932	0.511194	0.491774	0.483824	0.599071	0.477748	0.610402	0.470782	0.597782	0.598715	0.528741	0.437705	0.509359	0.483395	0.558021	0.45716	0.463339	0.556702	0.527561	0.497	0.444397	0.44213	0.569338	0.546216	0.467039	0.278453	0.630421	0.591003	0.426022	0.382265	0.580112	0.697764	0.402825	0.309814	0.635063	0.686307	0.464579	0.283641	0.523921	0.663093	0.538268	0.430474	0.446727	0.682905	0.562078	0.532821	0.397155	0.653752	0.588763	0.409315	0.475402	0.662755	0.575171	0.6103	0.426238	0.697979	0.535246	0.327254	0.580605	0.713202	0.514134	0.663178	0.575391	0.720099	0.49389	0.545212	0.599203	0.704979	0.442525	0.498418	0.553649	0.656555	0.363498	0.645153	0.550403	0.67464	0.33959	0.453297	0.546655
Sigma:	0.0650115	0.297128	0.1	0.1	0.069668	0.322687	0.0343857	0.248612	0.0656527	0.341127	0.0548954	0.214779	0.0673298	0.324318	0.034371	0.235574	0.0592696	0.328054	0.0190481	0.127355	0.0598906	0.347116	0.0389479	0.227057	0.0611544	0.318376	0.0171273	0.249801	0.0646087	0.308045	0.0305249	0.216132	0.0635939	0.333281	0.0383372	0.285739	0.0706471	0.349542	0.0702198	0.207147	0.0647918	0.305985	0.0531584	0.170186	0.0494262	0.296415	0.0605651	0.236993	0.0431468	0.296733	0.0519606	0.236023	0.0397248	0.304805	0.0561765	0.264107	0.0419464	0.317931	0.0432839	0.258015	0.0496921	0.305322	0.0594436	0.18475	0.0597459	0.318615	0.0324071	0.174944	0.0576301	0.287264	0.0321673	0.259309	0.0642553	0.288083	0.0283107	0.195329	0.0686635	0.328454	0.0396021	0.223454	0.0607011	0.340744	0.0419404	0.222075	0.0661558	0.333297	0.0466365	0.23074	0.057846	0.333579	0.0485695	0.176329	0.0474561	0.321456	0.0531643	0.237877	0.0547475	0.297807	0.0529155	0.219221	0.0511408	0.262403	0.0346525	0.258659	0.052202	0.28899	0.0427129	0.288852	0.0598135	0.31565	0.033695	0.235018	0.0561798	0.296904	0.0523954	0.197437	0.0568919	0.275701	0.041774	0.191015
Weights:	1	1	1	1	1	1	1	1	1	1	1	1	1	1	1	1	1	1	1	1	1	1	1	1	1	1	1	1	1	1	1	1	1	1	1	1	1	1	1	1	1	1	1	1	1	1	1	1	1	1	1	1	1	1	1	1	1	1	1	1	1	1	1	1	1	1	1	1	1	1	1	1	1	1	1	1	1	1	1	1	1	1	1	1	1	1	1	1	1	1	1	1	1	1	1	1	1	1	1	1	1	1	1	1	1	1	1	1	1	1	1	1	1	1	1	1	1	1	1	1
*************_MODEL_*************
Model_ID: 2
N: 120
ClassLabel: 2
Threshold: -112.874
Gamma: 10
TrainingMu: 8.42365
TrainingSigma: 12.1297
Mu:	0.514364	0.427904	0	0	0.535225	0.448069	0.408833	0.554916	0.534873	0.473051	0.480504	0.503702	0.497771	0.432886	0.533394	0.474333	0.450081	0.477778	0.644699	0.577537	0.447154	0.53967	0.625766	0.697125	0.421465	0.503047	0.711236	0.597965	0.387583	0.472556	0.542096	0.536359	0.346315	0.459712	0.462123	0.631584	0.351117	0.422045	0.5319	0.425612	0.334968	0.409044	0.501289	0.500505	0.35	0.455576	0.486677	0.606886	0.359209	0.472027	0.55489	0.516419	0.338017	0.448931	0.465809	0.480011	0.372563	0.429547	0.506739	0.494338	0.417042	0.45399	0.423857	0.510866	0.464775	0.503042	0.264441	0.609476	0.502839	0.491078	0.393172	0.527388	0.58967	0.469554	0.317191	0.624525	0.571205	0.498695	0.302687	0.56171	0.546605	0.468156	0.44746	0.574687	0.561798	0.450385	0.525709	0.451686	0.535784	0.432114	0.414962	0.528298	0.555637	0.409189	0.599777	0.444793	0.567615	0.398033	0.368217	0.559537	0.596067	0.408715	0.65338	0.53511	0.616761	0.421285	0.524046	0.552436	0.610379	0.41196	0.48517	0.505992	0.588046	0.411289	0.60621	0.423619	0.592093	0.4398	0.485163	0.46214
Sigma:	0.275782	0.288277	0.1	0.1	0.292292	0.27746	0.22808	0.169267	0.299312	0.281842	0.240509	0.179855	0.286617	0.289501	0.219364	0.18479	0.244018	0.331289	0.176393	0.128964	0.23533	0.345938	0.187291	0.129086	0.257114	0.283813	0.174045	0.205446	0.272642	0.273628	0.185957	0.21354	0.261164	0.296658	0.232479	0.185073	0.255908	0.305719	0.257123	0.224142	0.22021	0.308034	0.253229	0.130936	0.220777	0.321006	0.287473	0.167836	0.208622	0.327809	0.262009	0.174515	0.202201	0.303919	0.265384	0.187019	0.215534	0.289882	0.225055	0.189885	0.22596	0.276346	0.228293	0.160617	0.235038	0.301382	0.174803	0.183517	0.236394	0.29162	0.191362	0.158568	0.260863	0.311935	0.192402	0.182082	0.249275	0.331199	0.190606	0.165293	0.254071	0.318381	0.258812	0.168146	0.276293	0.301447	0.217282	0.224331	0.282601	0.302164	0.247149	0.170248	0.269176	0.303447	0.230598	0.186876	0.274689	0.292998	0.228951	0.147063	0.248153	0.288734	0.240635	0.163852	0.250148	0.299608	0.233071	0.209812	0.255171	0.302241	0.267696	0.167425	0.252555	0.277707	0.235205	0.201004	0.265074	0.262226	0.269079	0.217634
Weights:	1	1	1	1	1	1	1	1	1	1	1	1	1	1	1	1	1	1	1	1	1	1	1	1	1	1	1	1	1	1	1	1	1	1	1	1	1	1	1	1	1	1	1	1	1	1	1	1	1	1	1	1	1	1	1	1	1	1	1	1	1	1	1	1	1	1	1	1	1	1	1	1	1	1	1	1	1	1	1	1	1	1	1	1	1	1	1	1	1	1	1	1	1	1	1	1	1	1	1	1	1	1	1	1	1	1	1	1	1	1	1	1	1	1	1	1	1	1	1	1
*************_MODEL_*************
Model_ID: 3
N: 120
ClassLabel: 3
Threshold: -272.878
Gamma: 10
TrainingMu: 88.1124
TrainingSigma: 36.0991
Mu:	0.247024	0.0852676	0	0	0.240169	0.0914319	0.448048	0.565068	0.236452	0.144979	0.450396	0.484713	0.221999	0.188848	0.42809	0.403573	0.334025	0.407441	0.452536	0.420933	0.522671	0.717169	0.377142	0.405326	0.664668	0.798559	0.503468	0.430247	0.720351	0.810691	0.384572	0.483441	0.707143	0.779313	0.365596	0.664603	0.727684	0.643655	0.471206	0.569524	0.694798	0.485731	0.439031	0.677636	0.723785	0.374318	0.426774	0.777506	0.71711	0.257168	0.555076	0.678419	0.675644	0.15078	0.477348	0.61502	0.666129	0.120335	0.650101	0.508732	0.647766	0.201929	0.599791	0.439612	0.577573	0.364396	0.509238	0.451135	0.495441	0.485802	0.613865	0.367522	0.452926	0.594342	0.522089	0.486251	0.357607	0.707166	0.432443	0.487736	0.29292	0.71021	0.542123	0.519273	0.274888	0.634103	0.570986	0.50615	0.264182	0.53729	0.409842	0.60634	0.292321	0.431325	0.610128	0.572956	0.31711	0.309731	0.32755	0.69571	0.355158	0.244194	0.662905	0.637054	0.363123	0.183506	0.535838	0.643501	0.361851	0.129816	0.477261	0.575936	0.346743	0.09187	0.636739	0.498432	0.356794	0.0911135	0.455964	0.514742
Sigma:	0.0763503	0.0514184	0.1	0.1	0.0773945	0.0720671	0.0268296	0.0291533	0.0854738	0.120089	0.0537391	0.0798019	0.104187	0.177229	0.107424	0.1441	0.178454	0.254277	0.127348	0.148532	0.170365	0.214359	0.133384	0.198753	0.131623	0.113098	0.133791	0.166142	0.11206	0.090409	0.106516	0.0913788	0.105649	0.111714	0.0822574	0.116973	0.112087	0.188677	0.10183	0.159056	0.112663	0.213007	0.0934112	0.0998652	0.117224	0.222126	0.0717757	0.0803719	0.112741	0.17039	0.0981187	0.122669	0.10981	0.120169	0.07829	0.0974778	0.117751	0.084867	0.128247	0.130776	0.151794	0.127867	0.155743	0.132287	0.209672	0.250838	0.185027	0.177248	0.239479	0.301283	0.153354	0.150269	0.231349	0.273587	0.17161	0.156612	0.171635	0.238887	0.168292	0.141986	0.123742	0.201748	0.166128	0.170754	0.112716	0.231983	0.102585	0.168907	0.0964243	0.274513	0.0945033	0.147428	0.08897	0.286496	0.0715002	0.163775	0.0930991	0.265857	0.0381826	0.141544	0.0837857	0.230436	0.0445617	0.112198	0.0827659	0.208965	0.0537556	0.129906	0.0827717	0.154141	0.0457082	0.119688	0.076406	0.120853	0.0238326	0.0826764	0.0776988	0.100873	0.034481	0.0539273
Weights:	1	1	1	1	1	1	1	1	1	1	1	1	1	1	1	1	1	1	1	1	1	1	1	1	1	1	1	1	1	1	1	1	1	1	1	1	1	1	1	1	1	1	1	1	1	1	1	1	1	1	1	1	1	1	1	1	1	1	1	1	1	1	1	1	1	1	1	1	1	1	1	1	1	1	1	1	1	1	1	1	1	1	1	1	1	1	1	1	1	1	1	1	1	1	1	1	1	1	1	1	1	1	1	1	1	1	1	1	1	1	1	1	1	1	1	1	1	1	1	1
*************_MODEL_*************
Model_ID: 4
N: 120
ClassLabel: 5
Threshold: -303.159
Gamma: 10
TrainingMu: 97.5256
TrainingSigma: 40.0685
Mu:	0.682595	0.699854	0	0	0.692392	0.737715	0.445795	0.543233	0.685781	0.70375	0.511894	0.550195	0.642815	0.560479	0.563694	0.588134	0.587324	0.481202	0.646966	0.696397	0.552002	0.445275	0.659758	0.803404	0.50124	0.366569	0.737408	0.66483	0.443581	0.360424	0.586976	0.509625	0.359776	0.412484	0.547934	0.534012	0.323726	0.479207	0.62712	0.285471	0.277419	0.547316	0.619762	0.398826	0.262206	0.670328	0.550492	0.529979	0.249583	0.684759	0.620052	0.518103	0.214312	0.607846	0.514601	0.535839	0.214856	0.537357	0.590395	0.568553	0.232443	0.506058	0.471738	0.57731	0.243028	0.512993	0.3062	0.655094	0.25793	0.472584	0.428253	0.563434	0.283873	0.465246	0.350306	0.618557	0.258785	0.524328	0.321452	0.534557	0.223479	0.565262	0.48231	0.485291	0.203962	0.58877	0.567595	0.385909	0.183906	0.598155	0.435881	0.48755	0.198615	0.579429	0.642512	0.438721	0.198659	0.539046	0.368883	0.583727	0.226666	0.5293	0.703078	0.558996	0.209259	0.545298	0.585877	0.551888	0.183571	0.525408	0.528911	0.50554	0.167913	0.49125	0.669453	0.47004	0.167729	0.485195	0.473937	0.513547
Sigma:	0.170029	0.141377	0.1	0.1	0.169054	0.145361	0.0791434	0.0945988	0.173292	0.156215	0.0858688	0.0782754	0.194702	0.146836	0.0860201	0.092033	0.205033	0.147464	0.0391795	0.0519618	0.202715	0.153863	0.0456625	0.0778498	0.21113	0.158513	0.0365861	0.125548	0.21465	0.179757	0.054757	0.0872966	0.194799	0.217154	0.0722509	0.0966637	0.178429	0.23101	0.0599663	0.0884645	0.143698	0.219893	0.103665	0.110708	0.130376	0.203964	0.0722052	0.128576	0.115924	0.179902	0.0404784	0.119428	0.104189	0.136594	0.056938	0.166783	0.110331	0.144299	0.0468256	0.145992	0.121089	0.150888	0.0395841	0.0821973	0.139512	0.16046	0.0387223	0.081155	0.143695	0.171218	0.0355775	0.133994	0.163	0.202805	0.0411299	0.10861	0.151475	0.24695	0.0387525	0.0930636	0.135335	0.243948	0.0705252	0.13822	0.133351	0.23102	0.0544904	0.124836	0.118902	0.195637	0.04787	0.134515	0.10827	0.172608	0.0456579	0.140895	0.11069	0.15788	0.0396124	0.123501	0.106837	0.150394	0.0436959	0.120423	0.108717	0.153063	0.052154	0.141945	0.109979	0.176778	0.0354039	0.146772	0.095446	0.192348	0.044092	0.136412	0.0887002	0.196419	0.0650404	0.128002
Weights:	1	1	1	1	1	1	1	1	1	1	1	1	1	1	1	1	1	1	1	1	1	1	1	1	1	1	1	1	1	1	1	1	1	1	1	1	1	1	1	1	1	1	1	1	1	1	1	1	1	1	1	1	1	1	1	1	1	1	1	1	1	1	1	1	1	1	1	1	1	1	1	1	1	1	1	1	1	1	1	1	1	1	1	1	1	1	1	1	1	1	1	1	1	1	1	1	1	1	1	1	1	1	1	1	1	1	1	1	1	1	1	1	1	1	1	1	1	1	1	1
*************_MODEL_*************
Model_ID: 5
N: 120
ClassLabel: 6
Threshold: -137.167
Gamma: 10
TrainingMu: 150.458
TrainingSigma: 28.7625
Mu:	0.331136	0.144972	0	0	0.370256	0.132444	0.350355	0.585789	0.425326	0.159161	0.311561	0.511001	0.456721	0.126602	0.370855	0.503339	0.493865	0.122022	0.540668	0.606941	0.526284	0.156796	0.579488	0.680016	0.499725	0.174921	0.710371	0.578924	0.418691	0.201467	0.626216	0.476886	0.309375	0.236865	0.59788	0.55206	0.229413	0.267569	0.737766	0.339547	0.171065	0.303237	0.68898	0.450306	0.16066	0.374	0.53571	0.566068	0.174965	0.417577	0.566564	0.482659	0.18927	0.393414	0.393526	0.487728	0.245524	0.38622	0.450827	0.473102	0.331477	0.433863	0.321838	0.481751	0.411589	0.500593	0.201528	0.58538	0.478813	0.51977	0.342083	0.494591	0.569707	0.543115	0.306885	0.581739	0.545929	0.598174	0.312273	0.540759	0.499095	0.625811	0.485794	0.49748	0.450995	0.635449	0.636589	0.400227	0.377465	0.656266	0.519314	0.477182	0.355508	0.673308	0.691401	0.379666	0.352114	0.676751	0.381014	0.520116	0.38547	0.71123	0.670592	0.501532	0.419421	0.772284	0.480549	0.50174	0.453143	0.769908	0.411497	0.473247	0.468606	0.748911	0.559254	0.434583	0.521228	0.766227	0.342799	0.469136
Sigma:	0.0940374	0.0627043	0.1	0.1	0.107154	0.0407324	0.0615761	0.0503124	0.125309	0.0402507	0.105897	0.0195407	0.141589	0.0415397	0.0738444	0.0195047	0.118265	0.0465555	0.0467512	0.0122655	0.100115	0.0594873	0.0515043	0.0220404	0.101069	0.0613324	0.0551603	0.0165241	0.124418	0.0745296	0.114638	0.0266914	0.125962	0.0904386	0.0965541	0.0287491	0.118516	0.103955	0.101019	0.034271	0.0920701	0.111248	0.121647	0.0305854	0.0772453	0.123483	0.127206	0.0226309	0.0750483	0.124109	0.0995343	0.0227105	0.090368	0.117967	0.0826525	0.0214202	0.0997194	0.119881	0.0785889	0.0221194	0.110041	0.123693	0.0887175	0.0249013	0.122467	0.137769	0.0815176	0.0221423	0.131139	0.137115	0.101588	0.0198801	0.170339	0.140527	0.115453	0.0205795	0.176102	0.142035	0.0880558	0.0161945	0.178844	0.134765	0.124507	0.0303319	0.182721	0.12794	0.0898136	0.0223914	0.146724	0.122614	0.10908	0.0181225	0.110536	0.11421	0.0973762	0.0261223	0.0954523	0.105054	0.102665	0.024986	0.094899	0.101471	0.126757	0.0258908	0.113958	0.107493	0.124821	0.0244864	0.129291	0.107447	0.0822924	0.0214263	0.13004	0.106155	0.0845665	0.0187602	0.134151	0.105202	0.160163	0.0242715
Weights:	1	1	1	1	1	1	1	1	1	1	1	1	1	1	1	1	1	1	1	1	1	1	1	1	1	1	1	1	1	1	1	1	1	1	1	1	1	1	1	1	1	1	1	1	1	1	1	1	1	1	1	1	1	1	1	1	1	1	1	1	1	1	1	1	1	1	1	1	1	1	1	1	1	1	1	1	1	1	1	1	1	1	1	1	1	1	1	1	1	1	1	1	1	1	1	1	1	1	1	1	1	1	1	1	1	1	1	1	1	1	1	1	1	1	1	1	1	1	1	1
