GRT_PIPELINE_FILE_V3.0
PipelineMode: CLASSIFICATION_MODE
NumPreprocessingModules: 0
NumFeatureExtractionModules: 0
NumPostprocessingModules: 0
Trained: 1
Info: 
PreProcessingModuleDatatypes:
FeatureExtractionModuleDatatypes:
ClassificationModuleDatatype:	ANBC
PostProcessingModuleDatatypes:
GRT_ANBC_MODEL_FILE_V2.0
Trained: 1
UseScaling: 1
NumInputDimensions: 60
NumOutputDimensions: 0
NumTrainingIterationsToConverge: 0
MinNumEpochs: 0
MaxNumEpochs: 100
ValidationSetSize: 20
LearningRate: 0.1
MinChange: 1e-05
UseValidationSet: 0
RandomiseTrainingOrder: 1
UseNullRejection: 1
ClassifierMode: 0
NullRejectionCoeff: 10
NumClasses: 5
NullRejectionThresholds:  -80.7704 -53.6108 -246.222 -132.886 -157.604
ClassLabels:  1 2 3 5 6
Ranges: 
0	1
0	1
0	1
0	1
0	1
0	1
0	1
0	1
0	1
0	1
0	1
0	1
0	1
0	1
0	1
0	1
0	1
0	1
0	1
0	1
0	1
0	1
0	1
0	1
0	1
0	1
0	1
0	1
0	1
0	1
0	1
0	1
0	1
0	1
0	1
0	1
0	1
0	1
0	1
0	1
0	1
0	1
0	1
0	1
0	1
0	1
0	1
0	1
0	1
0	1
0	1
0	1
0	0.979167
0	1
0	1
0	1
0	1
0	1
0	1
0	1
*************_MODEL_*************
Model_ID: 1
N: 60
ClassLabel: 1
Threshold: -80.7704
Gamma: 10
TrainingMu: -13.2353
TrainingSigma: 6.75351
Mu:	0.450038	0.470568	0.438391	0.447582	0.450134	0.419543	0.49225	0.419937	0.530286	0.394277	0.559714	0.404642	0.592487	0.431691	0.61604	0.452765	0.591544	0.521434	0.532741	0.536091	0.550025	0.545773	0.610742	0.54772	0.599484	0.525895	0.621798	0.48442	0.630087	0.452805	0.610816	0.39886	0.574152	0.378287	0.572532	0.347908	0.535941	0.343443	0.51504	0.403453	0.483434	0.490516	0.455247	0.544615	0.455051	0.58511	0.46454	0.590968	0.504615	0.566366	0.538327	0.527556	0.531516	0.468267	0.473455	0.418282	0.415632	0.346029	0.381365	0.306475
Sigma:	0.286693	0.33608	0.31215	0.355482	0.243085	0.378809	0.248407	0.387385	0.213742	0.363204	0.210706	0.349214	0.231321	0.354235	0.218411	0.36018	0.219132	0.376738	0.304962	0.397701	0.309084	0.356376	0.204522	0.33077	0.203966	0.328608	0.263364	0.358886	0.295035	0.368993	0.280463	0.359586	0.307425	0.338728	0.275116	0.31274	0.272145	0.314818	0.298157	0.339703	0.26434	0.364649	0.313835	0.380248	0.322643	0.38939	0.289474	0.384284	0.332417	0.368097	0.301225	0.326171	0.248526	0.331202	0.260693	0.376071	0.293195	0.375656	0.307278	0.358322
Weights:	1	1	1	1	1	1	1	1	1	1	1	1	1	1	1	1	1	1	1	1	1	1	1	1	1	1	1	1	1	1	1	1	1	1	1	1	1	1	1	1	1	1	1	1	1	1	1	1	1	1	1	1	1	1	1	1	1	1	1	1
*************_MODEL_*************
Model_ID: 2
N: 60
ClassLabel: 2
Threshold: -53.6108
Gamma: 10
TrainingMu: -20.819
TrainingSigma: 3.27919
Mu:	0.509593	0.393538	0.539206	0.406905	0.545773	0.432918	0.552004	0.472908	0.5272	0.530249	0.512044	0.551417	0.484319	0.549475	0.45443	0.522787	0.437807	0.488244	0.443194	0.44851	0.450229	0.43894	0.464607	0.432974	0.483409	0.430862	0.490433	0.459317	0.517448	0.464159	0.529075	0.466592	0.528682	0.480291	0.52547	0.487147	0.514847	0.486497	0.4982	0.504976	0.48941	0.473242	0.487939	0.468414	0.481994	0.456268	0.488858	0.43855	0.469487	0.442903	0.478708	0.447951	0.502945	0.437196	0.490623	0.442382	0.510487	0.472393	0.487823	0.508995
Sigma:	0.37668	0.310725	0.381667	0.301344	0.3696	0.328589	0.324238	0.373464	0.284558	0.402891	0.307605	0.377983	0.346803	0.339211	0.365787	0.327285	0.357048	0.345682	0.351868	0.35805	0.333613	0.375398	0.330729	0.363128	0.325543	0.371233	0.318512	0.364981	0.320476	0.34974	0.323465	0.343594	0.316384	0.350185	0.328349	0.348122	0.318789	0.369215	0.318161	0.372384	0.331287	0.370816	0.345898	0.358353	0.36246	0.357787	0.366279	0.365249	0.362359	0.365353	0.349049	0.361878	0.345442	0.358295	0.335052	0.376379	0.353639	0.366778	0.364452	0.362471
Weights:	1	1	1	1	1	1	1	1	1	1	1	1	1	1	1	1	1	1	1	1	1	1	1	1	1	1	1	1	1	1	1	1	1	1	1	1	1	1	1	1	1	1	1	1	1	1	1	1	1	1	1	1	1	1	1	1	1	1	1	1
*************_MODEL_*************
Model_ID: 3
N: 60
ClassLabel: 3
Threshold: -246.222
Gamma: 10
TrainingMu: 34.1497
TrainingSigma: 28.0372
Mu:	0.0930115	0.0346303	0.0981491	0.0397992	0.1211	0.0767182	0.183293	0.187265	0.344541	0.460692	0.55784	0.750462	0.734144	0.911811	0.805529	0.94334	0.838511	0.887785	0.868948	0.739003	0.899791	0.562052	0.935226	0.366962	0.955474	0.210695	0.959123	0.11684	0.907047	0.10726	0.812603	0.171223	0.631617	0.334796	0.465043	0.491275	0.306932	0.637655	0.198261	0.739943	0.130164	0.764334	0.103639	0.709085	0.09201	0.604174	0.0943912	0.492018	0.0954693	0.357746	0.0991655	0.26036	0.105927	0.170012	0.112963	0.106556	0.11067	0.0728624	0.107985	0.0617124
Sigma:	0.0717909	0.0387962	0.072955	0.0577236	0.085807	0.122209	0.119566	0.214034	0.206064	0.296796	0.196059	0.230453	0.142459	0.118049	0.104526	0.0813593	0.0889533	0.113281	0.0771306	0.206297	0.0745617	0.243859	0.0606776	0.23187	0.0416504	0.175323	0.0504076	0.131695	0.100621	0.100975	0.174004	0.164407	0.270669	0.290034	0.311256	0.349159	0.267457	0.306754	0.211981	0.249555	0.155117	0.209656	0.127117	0.254696	0.0968972	0.310223	0.0844769	0.334028	0.0848484	0.325814	0.0699524	0.279847	0.0679061	0.242017	0.0708774	0.17813	0.0773996	0.1437	0.0814133	0.122638
Weights:	1	1	1	1	1	1	1	1	1	1	1	1	1	1	1	1	1	1	1	1	1	1	1	1	1	1	1	1	1	1	1	1	1	1	1	1	1	1	1	1	1	1	1	1	1	1	1	1	1	1	1	1	1	1	1	1	1	1	1	1
*************_MODEL_*************
Model_ID: 4
N: 60
ClassLabel: 5
Threshold: -132.886
Gamma: 10
TrainingMu: 31.1262
TrainingSigma: 16.4012
Mu:	0.94621	0.695923	0.959387	0.738672	0.950859	0.684424	0.932705	0.577237	0.896427	0.392037	0.852784	0.247543	0.789044	0.152489	0.724367	0.158947	0.64792	0.264593	0.584411	0.425853	0.537425	0.587733	0.497755	0.689114	0.47675	0.657015	0.454092	0.585915	0.43702	0.469688	0.418333	0.355016	0.385577	0.303595	0.352336	0.285689	0.313566	0.345061	0.281034	0.45491	0.241411	0.550766	0.212386	0.629595	0.187858	0.635742	0.165492	0.602907	0.139955	0.543333	0.115094	0.501521	0.0874626	0.481547	0.0532206	0.503278	0.0288934	0.511699	0.0131341	0.509592
Sigma:	0.0886724	0.252678	0.0491886	0.239994	0.0519467	0.257687	0.0741178	0.25781	0.0941538	0.222721	0.114923	0.185648	0.139412	0.169003	0.148769	0.19503	0.143673	0.249303	0.128297	0.297643	0.109525	0.305539	0.0987452	0.269083	0.0871259	0.263896	0.0831749	0.273113	0.0832893	0.298644	0.0871348	0.298566	0.090045	0.256921	0.094174	0.224857	0.0922033	0.257215	0.087436	0.310787	0.0760553	0.323367	0.0790904	0.32801	0.085254	0.325779	0.0802347	0.302918	0.0740659	0.309671	0.0658228	0.295152	0.0518295	0.271584	0.0425072	0.30411	0.0231772	0.334116	0.0262541	0.333984
Weights:	1	1	1	1	1	1	1	1	1	1	1	1	1	1	1	1	1	1	1	1	1	1	1	1	1	1	1	1	1	1	1	1	1	1	1	1	1	1	1	1	1	1	1	1	1	1	1	1	1	1	1	1	1	1	1	1	1	1	1	1
*************_MODEL_*************
Model_ID: 5
N: 60
ClassLabel: 6
Threshold: -157.604
Gamma: 10
TrainingMu: 50.1192
TrainingSigma: 20.7723
Mu:	0.293067	0.028396	0.4064	0.0112819	0.564425	0.0200106	0.736468	0.038961	0.871031	0.0595599	0.937117	0.0959409	0.890727	0.122944	0.726833	0.162798	0.538089	0.197937	0.338763	0.236263	0.208009	0.28076	0.16053	0.318079	0.18796	0.347603	0.281699	0.373807	0.414632	0.395774	0.552778	0.426189	0.649771	0.466408	0.712337	0.514358	0.714448	0.570484	0.671217	0.621286	0.601022	0.669476	0.468684	0.713102	0.33886	0.75401	0.238111	0.796467	0.18152	0.838626	0.184332	0.878169	0.259267	0.91023	0.347505	0.944438	0.448114	0.96982	0.537319	0.999223
Sigma:	0.13512	0.0826781	0.131286	0.0338196	0.162302	0.0238559	0.171163	0.0291886	0.124739	0.0347872	0.0906558	0.0429366	0.117493	0.0525529	0.200106	0.0679968	0.230125	0.0784653	0.210381	0.0961804	0.156223	0.108575	0.118444	0.105716	0.141979	0.107297	0.208647	0.109449	0.217928	0.10922	0.216447	0.113816	0.221838	0.113469	0.235129	0.107352	0.275643	0.100818	0.305408	0.0890377	0.324743	0.0827115	0.324077	0.0726766	0.267531	0.0672807	0.207367	0.0555751	0.153479	0.0462029	0.165905	0.0471871	0.217806	0.0401307	0.267153	0.0324123	0.292185	0.0210532	0.28781	0.00446353
Weights:	1	1	1	1	1	1	1	1	1	1	1	1	1	1	1	1	1	1	1	1	1	1	1	1	1	1	1	1	1	1	1	1	1	1	1	1	1	1	1	1	1	1	1	1	1	1	1	1	1	1	1	1	1	1	1	1	1	1	1	1
