GRT_PIPELINE_FILE_V3.0
PipelineMode: CLASSIFICATION_MODE
NumPreprocessingModules: 0
NumFeatureExtractionModules: 0
NumPostprocessingModules: 0
Trained: 1
Info: 
PreProcessingModuleDatatypes:
FeatureExtractionModuleDatatypes:
ClassificationModuleDatatype:	ANBC
PostProcessingModuleDatatypes:
GRT_ANBC_MODEL_FILE_V2.0
Trained: 1
UseScaling: 1
NumInputDimensions: 60
NumOutputDimensions: 0
NumTrainingIterationsToConverge: 0
MinNumEpochs: 0
MaxNumEpochs: 100
ValidationSetSize: 20
LearningRate: 0.1
MinChange: 1e-05
UseValidationSet: 0
RandomiseTrainingOrder: 1
UseNullRejection: 1
ClassifierMode: 0
NullRejectionCoeff: 10
NumClasses: 5
NullRejectionThresholds:  -105.157 -60.3626 -209.563 -203.19 -143.711
ClassLabels:  1 2 3 5 6
Ranges: 
16	89
6	58
17	88
6	58
19	86
4	59
25	86
6	66
26	88
8	64
24	90
8	59
24	90
8	64
25	91
8	64
26	94
8	63
25	95
7	64
24	102
7	65
23	102
6	60
22	104
5	59
23	109
5	63
23	106
7	65
21	101
5	64
20	94
5	59
18	90
6	60
17	79
8	61
16	80
8	59
17	82
7	61
17	79
7	63
17	82
6	64
14	83
7	65
13	80
6	67
9	80
6	67
9	79
6	64
9	80
6	66
8	86
6	69
7	84
6	69
*************_MODEL_*************
Model_ID: 1
N: 60
ClassLabel: 1
Threshold: -105.157
Gamma: 10
TrainingMu: 36.8509
TrainingSigma: 14.2008
Mu:	0.595205	0.546154	0.596479	0.522115	0.603731	0.508182	0.571311	0.435833	0.552419	0.4125	0.555303	0.467647	0.560606	0.452679	0.549242	0.470536	0.516912	0.540909	0.508571	0.547368	0.471154	0.539655	0.483544	0.592593	0.47439	0.590741	0.440116	0.515517	0.457229	0.459483	0.49875	0.444068	0.549324	0.47037	0.593056	0.42963	0.701613	0.398113	0.690625	0.467647	0.658462	0.537037	0.68629	0.560714	0.653077	0.589655	0.657971	0.571552	0.696269	0.541803	0.716901	0.511475	0.725	0.492241	0.709859	0.438333	0.655128	0.365079	0.674675	0.338095
Sigma:	0.0641715	0.303642	0.0681279	0.322172	0.0648732	0.336265	0.0675448	0.320557	0.0582423	0.328703	0.0580137	0.344661	0.0621805	0.316868	0.0651923	0.311095	0.0640615	0.335613	0.0714135	0.34593	0.0644223	0.308986	0.0498947	0.29532	0.0438632	0.296107	0.0408547	0.302476	0.0429051	0.31719	0.049321	0.306005	0.0606367	0.316353	0.0582497	0.286548	0.0660886	0.288357	0.0669854	0.326512	0.0604355	0.337316	0.0685247	0.336449	0.0585244	0.330728	0.048044	0.325419	0.0533272	0.297539	0.052481	0.263886	0.0532257	0.288095	0.0605194	0.316186	0.0532517	0.295075	0.0556563	0.277335
Weights:	1	1	1	1	1	1	1	1	1	1	1	1	1	1	1	1	1	1	1	1	1	1	1	1	1	1	1	1	1	1	1	1	1	1	1	1	1	1	1	1	1	1	1	1	1	1	1	1	1	1	1	1	1	1	1	1	1	1	1	1
*************_MODEL_*************
Model_ID: 2
N: 60
ClassLabel: 2
Threshold: -60.3626
Gamma: 10
TrainingMu: -6.49211
TrainingSigma: 5.38705
Mu:	0.509132	0.429487	0.531455	0.441667	0.539801	0.474545	0.499454	0.431667	0.455376	0.475	0.44899	0.542484	0.427273	0.496429	0.387374	0.474405	0.347549	0.455758	0.353333	0.423392	0.333761	0.407471	0.351055	0.45	0.363415	0.464815	0.340698	0.454023	0.371486	0.423563	0.419167	0.451412	0.466667	0.507407	0.505093	0.494444	0.593548	0.466038	0.574479	0.502614	0.542051	0.467284	0.564516	0.447024	0.532821	0.436207	0.550725	0.403448	0.567662	0.402732	0.599531	0.406557	0.620952	0.418391	0.614085	0.408333	0.585897	0.412169	0.592208	0.439153
Sigma:	0.275928	0.291926	0.29077	0.277832	0.299691	0.278839	0.287212	0.286555	0.242941	0.33039	0.233864	0.343628	0.25631	0.283217	0.271467	0.277066	0.261773	0.300543	0.254859	0.302494	0.218572	0.311712	0.217626	0.319981	0.208622	0.329313	0.201127	0.303138	0.215805	0.290051	0.226116	0.276127	0.234269	0.299496	0.239995	0.290905	0.262661	0.313933	0.247994	0.331258	0.255578	0.316059	0.277268	0.302591	0.282655	0.298566	0.267179	0.307344	0.273909	0.292454	0.248388	0.290633	0.250565	0.299724	0.257685	0.302884	0.251796	0.276362	0.262936	0.265257
Weights:	1	1	1	1	1	1	1	1	1	1	1	1	1	1	1	1	1	1	1	1	1	1	1	1	1	1	1	1	1	1	1	1	1	1	1	1	1	1	1	1	1	1	1	1	1	1	1	1	1	1	1	1	1	1	1	1	1	1	1	1
*************_MODEL_*************
Model_ID: 3
N: 60
ClassLabel: 3
Threshold: -209.563
Gamma: 10
TrainingMu: 34.2846
TrainingSigma: 24.3848
Mu:	0.242203	0.0810147	0.238538	0.0855155	0.240394	0.149323	0.220439	0.191844	0.338023	0.405015	0.523211	0.716729	0.671502	0.790274	0.718246	0.815729	0.710576	0.780271	0.730699	0.64315	0.691489	0.485326	0.720442	0.368006	0.720031	0.249015	0.676645	0.156273	0.66547	0.115187	0.650266	0.201587	0.580219	0.367612	0.496749	0.487392	0.454015	0.590927	0.362699	0.708803	0.286743	0.70725	0.278312	0.632219	0.25892	0.539252	0.291088	0.426632	0.315973	0.31601	0.357207	0.239972	0.365046	0.179751	0.365898	0.125887	0.343972	0.0955758	0.359492	0.0874704
Sigma:	0.0770745	0.0521188	0.0756427	0.0712598	0.0855268	0.11886	0.105181	0.176687	0.177418	0.254755	0.168271	0.213067	0.132167	0.11266	0.11047	0.0905276	0.105828	0.112453	0.112288	0.186575	0.112481	0.214623	0.117234	0.219848	0.113463	0.170243	0.107905	0.121458	0.118507	0.0855376	0.151453	0.127093	0.209718	0.24938	0.241402	0.30208	0.232494	0.274752	0.171254	0.238609	0.125003	0.200667	0.113874	0.235071	0.0963613	0.271701	0.0887151	0.287953	0.0927046	0.2653	0.0835538	0.230205	0.0831825	0.209897	0.0832986	0.153966	0.0762381	0.119128	0.0779741	0.102114
Weights:	1	1	1	1	1	1	1	1	1	1	1	1	1	1	1	1	1	1	1	1	1	1	1	1	1	1	1	1	1	1	1	1	1	1	1	1	1	1	1	1	1	1	1	1	1	1	1	1	1	1	1	1	1	1	1	1	1	1	1	1
*************_MODEL_*************
Model_ID: 4
N: 60
ClassLabel: 5
Threshold: -203.19
Gamma: 10
TrainingMu: 26.5811
TrainingSigma: 22.9771
Mu:	0.678082	0.703234	0.68886	0.729895	0.690638	0.701653	0.643815	0.561742	0.590543	0.478084	0.552342	0.447861	0.506543	0.360795	0.443526	0.359578	0.362634	0.409504	0.325325	0.481659	0.276807	0.547022	0.264097	0.661616	0.254435	0.675926	0.216966	0.612853	0.213582	0.531348	0.234091	0.503852	0.244165	0.517256	0.255997	0.475168	0.282991	0.461835	0.264915	0.526738	0.217483	0.563552	0.206378	0.587256	0.18007	0.600313	0.197299	0.576019	0.199796	0.545455	0.227913	0.527198	0.210714	0.541928	0.18598	0.520833	0.166667	0.491342	0.172373	0.484488
Sigma:	0.16988	0.143455	0.168133	0.143488	0.174366	0.154592	0.195042	0.146076	0.203906	0.146944	0.201921	0.152583	0.211552	0.158815	0.212181	0.182539	0.195274	0.218375	0.178052	0.229133	0.143012	0.222213	0.129164	0.203972	0.116128	0.179877	0.103273	0.137502	0.109575	0.144886	0.120632	0.150951	0.139843	0.159572	0.144412	0.17187	0.165125	0.204006	0.15036	0.247538	0.136463	0.242684	0.134027	0.233027	0.119011	0.194186	0.107559	0.173227	0.110676	0.158166	0.105891	0.150246	0.109281	0.153466	0.109123	0.177811	0.0945756	0.190782	0.0879201	0.199035
Weights:	1	1	1	1	1	1	1	1	1	1	1	1	1	1	1	1	1	1	1	1	1	1	1	1	1	1	1	1	1	1	1	1	1	1	1	1	1	1	1	1	1	1	1	1	1	1	1	1	1	1	1	1	1	1	1	1	1	1	1	1
*************_MODEL_*************
Model_ID: 5
N: 60
ClassLabel: 6
Threshold: -143.711
Gamma: 10
TrainingMu: 50.7295
TrainingSigma: 19.444
Mu:	0.325031	0.140443	0.367478	0.126457	0.429218	0.163085	0.456533	0.129798	0.497556	0.119589	0.52663	0.16221	0.506887	0.16829	0.419651	0.199675	0.311052	0.231405	0.231602	0.270601	0.17094	0.298851	0.163406	0.368126	0.17997	0.409091	0.192389	0.400209	0.24644	0.382445	0.332955	0.43246	0.413595	0.504489	0.478956	0.523008	0.572825	0.539737	0.550189	0.601901	0.494639	0.624018	0.454545	0.634199	0.373427	0.65883	0.351779	0.670846	0.351425	0.682563	0.387537	0.708395	0.422944	0.768548	0.456679	0.767172	0.467366	0.747956	0.521842	0.767677
Sigma:	0.0939925	0.0649457	0.105772	0.0410855	0.125377	0.0400116	0.143917	0.0418242	0.116666	0.0473477	0.0994295	0.0578499	0.100224	0.0613787	0.123469	0.0771243	0.124519	0.0909401	0.11967	0.103236	0.0913133	0.113606	0.0759733	0.122817	0.0751777	0.12443	0.0894618	0.117314	0.0995386	0.119254	0.109723	0.123255	0.122926	0.137729	0.132406	0.137183	0.171602	0.141426	0.176334	0.142872	0.178634	0.134617	0.184184	0.1273	0.146572	0.122505	0.11116	0.113908	0.0944031	0.10399	0.0950783	0.100536	0.114171	0.10862	0.130758	0.107891	0.13063	0.105868	0.133333	0.1055
Weights:	1	1	1	1	1	1	1	1	1	1	1	1	1	1	1	1	1	1	1	1	1	1	1	1	1	1	1	1	1	1	1	1	1	1	1	1	1	1	1	1	1	1	1	1	1	1	1	1	1	1	1	1	1	1	1	1	1	1	1	1
