GRT_PIPELINE_FILE_V3.0
PipelineMode: CLASSIFICATION_MODE
NumPreprocessingModules: 0
NumFeatureExtractionModules: 0
NumPostprocessingModules: 0
Trained: 1
Info: 
PreProcessingModuleDatatypes:
FeatureExtractionModuleDatatypes:
ClassificationModuleDatatype:	ANBC
PostProcessingModuleDatatypes:
GRT_ANBC_MODEL_FILE_V2.0
Trained: 1
UseScaling: 1
NumInputDimensions: 60
NumOutputDimensions: 0
NumTrainingIterationsToConverge: 0
MinNumEpochs: 0
MaxNumEpochs: 100
ValidationSetSize: 20
LearningRate: 0.1
MinChange: 1e-05
UseValidationSet: 0
RandomiseTrainingOrder: 1
UseNullRejection: 1
ClassifierMode: 0
NullRejectionCoeff: 5
NumClasses: 5
NullRejectionThresholds:  -35.0998 -50.2936 -129.958 -27.4119 -46.0784
ClassLabels:  1 2 3 5 6
Ranges: 
0	1
0	1
0	1
0	1
0	1
0	1
0	1
0	1
0.0025	1
0	1
0	0.998344
0	1
0	1
0	1
0	1
0	1
0	1
0	1
0	0.985714
0	1
0	1
0	1
0	1
0	1
0	1
0	1
0	1
0	1
0	1
0	1
0	0.976744
0	1
0	0.977011
0	0.997792
0.00488998	0.962644
0	0.991826
0	0.930481
0	1
0	0.954545
0	1
0	0.904639
0	1
0	0.918256
0	1
0	0.972752
0	1
0	0.99455
0	1
0	1
0	1
0	0.975477
0	1
0	0.987179
0	1
0	1
0	1
0	0.987179
0	1
0	0.982609
0	1
*************_MODEL_*************
Model_ID: 1
N: 60
ClassLabel: 1
Threshold: -35.0998
Gamma: 5
TrainingMu: 31.5329
TrainingSigma: 13.3266
Mu:	0.0596687	0.800412	0.0597078	0.813617	0.0622193	0.810328	0.0681773	0.803594	0.0696872	0.778847	0.073012	0.751919	0.0751383	0.705946	0.0747206	0.656853	0.0779332	0.607008	0.0816486	0.541687	0.0850726	0.48584	0.0907393	0.45157	0.097081	0.405877	0.103928	0.365133	0.114156	0.326459	0.123511	0.288226	0.125453	0.274421	0.123719	0.270621	0.130211	0.280538	0.1199	0.325538	0.120405	0.38317	0.108655	0.447427	0.0938899	0.509644	0.0893584	0.558423	0.0862115	0.611282	0.0859439	0.645953	0.0831263	0.658746	0.0780017	0.675472	0.0746662	0.670108	0.0692014	0.673876
Sigma:	0.0547617	0.30734	0.0558523	0.294821	0.052015	0.312499	0.0516974	0.325425	0.0527939	0.337544	0.0561326	0.335522	0.0616807	0.331947	0.0659435	0.326978	0.0675031	0.32186	0.0706799	0.343062	0.070795	0.346724	0.0696491	0.334307	0.070149	0.326489	0.0672028	0.328339	0.0696921	0.324557	0.0682078	0.30177	0.0689333	0.285033	0.0700587	0.271308	0.073687	0.284177	0.0739431	0.319761	0.0743447	0.352688	0.072902	0.376261	0.0686638	0.388418	0.0644384	0.373291	0.0631675	0.351246	0.0618002	0.329508	0.0565584	0.321834	0.0528523	0.326648	0.0538569	0.345623	0.0556712	0.374177
Weights:	1	1	1	1	1	1	1	1	1	1	1	1	1	1	1	1	1	1	1	1	1	1	1	1	1	1	1	1	1	1	1	1	1	1	1	1	1	1	1	1	1	1	1	1	1	1	1	1	1	1	1	1	1	1	1	1	1	1	1	1
*************_MODEL_*************
Model_ID: 2
N: 60
ClassLabel: 2
Threshold: -50.2936
Gamma: 5
TrainingMu: -18.7125
TrainingSigma: 6.31621
Mu:	0.425142	0.429054	0.428955	0.420237	0.430425	0.408667	0.432072	0.39966	0.429774	0.392619	0.425074	0.389769	0.408825	0.388342	0.38993	0.402252	0.376629	0.42767	0.378269	0.461112	0.380459	0.492188	0.394003	0.519737	0.418134	0.536617	0.442574	0.553531	0.458886	0.561778	0.486941	0.550531	0.503322	0.535406	0.519818	0.52629	0.545507	0.49795	0.537084	0.476669	0.56385	0.460789	0.54211	0.44223	0.49595	0.429346	0.471011	0.426151	0.456539	0.421487	0.455645	0.423841	0.437492	0.426205	0.423632	0.426783	0.422006	0.427057	0.416736	0.426442
Sigma:	0.353719	0.299531	0.355232	0.29603	0.35581	0.289816	0.35479	0.288056	0.352213	0.293394	0.34606	0.303964	0.331687	0.319467	0.313934	0.335552	0.297568	0.352536	0.294332	0.368061	0.293821	0.381529	0.3117	0.380616	0.338518	0.379332	0.36526	0.363283	0.386335	0.348509	0.401895	0.332331	0.387846	0.324578	0.371814	0.330209	0.35122	0.348652	0.306069	0.36806	0.302004	0.388828	0.297986	0.398578	0.293717	0.394916	0.315119	0.379822	0.341002	0.363298	0.376125	0.346964	0.390647	0.327576	0.390548	0.312496	0.389384	0.304027	0.379212	0.300053
Weights:	1	1	1	1	1	1	1	1	1	1	1	1	1	1	1	1	1	1	1	1	1	1	1	1	1	1	1	1	1	1	1	1	1	1	1	1	1	1	1	1	1	1	1	1	1	1	1	1	1	1	1	1	1	1	1	1	1	1	1	1
*************_MODEL_*************
Model_ID: 3
N: 60
ClassLabel: 3
Threshold: -129.958
Gamma: 5
TrainingMu: 56.811
TrainingSigma: 37.3538
Mu:	0.0485527	0.0363514	0.0468194	0.0385842	0.0481262	0.0408412	0.0537181	0.0458991	0.0618419	0.0553407	0.0948794	0.0956756	0.180821	0.20003	0.351812	0.38107	0.553176	0.590062	0.762099	0.786004	0.878469	0.848317	0.9379	0.772402	0.947052	0.611998	0.927916	0.441665	0.892635	0.315512	0.869265	0.271747	0.802012	0.308417	0.707373	0.414917	0.585368	0.567347	0.417183	0.73062	0.280319	0.849776	0.156899	0.881405	0.0785378	0.813383	0.0422965	0.666162	0.024626	0.479956	0.0203073	0.303601	0.0233661	0.165568	0.0325128	0.078045	0.041129	0.0323254	0.046275	0.0176876
Sigma:	0.0436207	0.0360903	0.0434825	0.0354691	0.0473931	0.0382648	0.068105	0.058346	0.099016	0.083388	0.136932	0.135142	0.18406	0.178561	0.227952	0.204017	0.252903	0.230604	0.221249	0.202863	0.144622	0.154245	0.0685588	0.159951	0.0471845	0.195938	0.0544104	0.185277	0.0704013	0.138709	0.097904	0.105134	0.131768	0.129119	0.168665	0.172243	0.195013	0.188055	0.185154	0.164013	0.150545	0.109094	0.107501	0.108947	0.0638287	0.164756	0.0395174	0.209172	0.0309932	0.217352	0.0230638	0.188605	0.0226656	0.136337	0.0252858	0.0841859	0.0280257	0.0455551	0.0298052	0.0283213
Weights:	1	1	1	1	1	1	1	1	1	1	1	1	1	1	1	1	1	1	1	1	1	1	1	1	1	1	1	1	1	1	1	1	1	1	1	1	1	1	1	1	1	1	1	1	1	1	1	1	1	1	1	1	1	1	1	1	1	1	1	1
*************_MODEL_*************
Model_ID: 4
N: 60
ClassLabel: 5
Threshold: -27.4119
Gamma: 5
TrainingMu: 71.7629
TrainingSigma: 19.835
Mu:	0.99298	0.452324	0.994077	0.443693	0.99439	0.426492	0.990607	0.391614	0.975934	0.328689	0.943572	0.241141	0.889994	0.165682	0.830964	0.124897	0.773695	0.141413	0.737658	0.206632	0.687273	0.288991	0.648263	0.3525	0.606812	0.374324	0.554511	0.339966	0.495479	0.273685	0.458086	0.203216	0.416169	0.150261	0.382105	0.128774	0.359971	0.143516	0.310377	0.190692	0.283949	0.253026	0.236543	0.314123	0.180434	0.351781	0.132793	0.356351	0.0877416	0.329525	0.052071	0.280516	0.0273666	0.215404	0.0188513	0.148725	0.0244547	0.0884402	0.039198	0.0429315
Sigma:	0.0104362	0.0891229	0.00842734	0.0914061	0.0103902	0.0977887	0.0177134	0.108685	0.0329797	0.124495	0.0521477	0.139004	0.0693663	0.119708	0.0731029	0.0840931	0.063077	0.098057	0.0576396	0.145899	0.0560501	0.158147	0.0630336	0.135327	0.0713056	0.113512	0.0736802	0.112403	0.0705988	0.112667	0.0690796	0.105159	0.0675412	0.0952248	0.0679532	0.115741	0.0673224	0.158768	0.0623924	0.186107	0.0679117	0.186315	0.0762528	0.168181	0.0810099	0.143769	0.0785588	0.125213	0.071038	0.121369	0.0595528	0.123583	0.0392635	0.124645	0.0213889	0.107076	0.0247002	0.0803519	0.0476058	0.0562577
Weights:	1	1	1	1	1	1	1	1	1	1	1	1	1	1	1	1	1	1	1	1	1	1	1	1	1	1	1	1	1	1	1	1	1	1	1	1	1	1	1	1	1	1	1	1	1	1	1	1	1	1	1	1	1	1	1	1	1	1	1	1
*************_MODEL_*************
Model_ID: 5
N: 60
ClassLabel: 6
Threshold: -46.0784
Gamma: 5
TrainingMu: 46.109
TrainingSigma: 18.4375
Mu:	0.147298	0.0246616	0.200595	0.0118417	0.269431	0.0150032	0.350854	0.0240586	0.424501	0.0377563	0.483539	0.0671891	0.524867	0.11046	0.506096	0.153224	0.456063	0.200099	0.372614	0.237644	0.291215	0.281862	0.221249	0.316606	0.184003	0.350268	0.191553	0.377491	0.238995	0.406511	0.316854	0.446196	0.399102	0.489552	0.475507	0.537789	0.540616	0.582834	0.540281	0.631554	0.541121	0.676691	0.453681	0.715505	0.34902	0.747422	0.26481	0.787933	0.204706	0.831596	0.200252	0.877943	0.233381	0.911961	0.284169	0.949952	0.378719	0.977701	0.454467	0.997047
Sigma:	0.116259	0.0708698	0.14514	0.0284085	0.189359	0.0207071	0.235043	0.0277269	0.262004	0.0410802	0.269701	0.0563507	0.251358	0.0733553	0.227704	0.0890045	0.215615	0.0940447	0.203575	0.101059	0.193433	0.108998	0.172483	0.107845	0.16237	0.105626	0.170211	0.108579	0.183717	0.111527	0.206367	0.115881	0.232988	0.108815	0.252616	0.100122	0.266531	0.0896956	0.253544	0.0792151	0.268275	0.0649126	0.265304	0.0631608	0.25821	0.061803	0.244193	0.0610941	0.217279	0.0642719	0.203904	0.0610528	0.189793	0.0458384	0.205227	0.0278628	0.242777	0.0167835	0.26421	0.00775607
Weights:	1	1	1	1	1	1	1	1	1	1	1	1	1	1	1	1	1	1	1	1	1	1	1	1	1	1	1	1	1	1	1	1	1	1	1	1	1	1	1	1	1	1	1	1	1	1	1	1	1	1	1	1	1	1	1	1	1	1	1	1
