GRT_PIPELINE_FILE_V3.0
PipelineMode: CLASSIFICATION_MODE
NumPreprocessingModules: 0
NumFeatureExtractionModules: 0
NumPostprocessingModules: 0
Trained: 1
Info: 
PreProcessingModuleDatatypes:
FeatureExtractionModuleDatatypes:
ClassificationModuleDatatype:	ANBC
PostProcessingModuleDatatypes:
GRT_ANBC_MODEL_FILE_V2.0
Trained: 1
UseScaling: 1
NumInputDimensions: 60
NumOutputDimensions: 0
NumTrainingIterationsToConverge: 0
MinNumEpochs: 0
MaxNumEpochs: 100
ValidationSetSize: 20
LearningRate: 0.1
MinChange: 1e-05
UseValidationSet: 0
RandomiseTrainingOrder: 1
UseNullRejection: 1
ClassifierMode: 0
NullRejectionCoeff: 0.5
NumClasses: 5
NullRejectionThresholds:  25.1011 -21.4136 57.6062 62.643 34.5874
ClassLabels:  1 2 3 5 6
Ranges: 
0	1
0	1
0	1
0	1
0	1
0	1
0	1
0	1
0	1
0	1
0	1
0	1
0	1
0	1
0	0.984848
0	1
0	0.929924
0	1
0	0.978723
0	1
0	1
0	1
0	1
0	1
0	1
0	1
0	1
0	1
0	1
0	1
0	1
0	1
0	0.982368
0	0.997792
0.00253807	0.95935
0	0.991826
0	0.930481
0	1
0	0.954545
0	0.967366
0	0.904639
0	1
0	0.918256
0	1
0	0.972752
0	1
0	0.99455
0	1
0	1
0	1
0	0.992481
0	1
0	0.987179
0	1
0	1
0	1
0	0.987179
0	1
0	0.982609
0	1
*************_MODEL_*************
Model_ID: 1
N: 60
ClassLabel: 1
Threshold: 25.1011
Gamma: 0.5
TrainingMu: 31.7004
TrainingSigma: 13.1987
Mu:	0.0687892	0.800512	0.0648331	0.812443	0.0645132	0.816457	0.0669815	0.7986	0.0694295	0.77303	0.0709186	0.743982	0.0729689	0.7071	0.0733694	0.650032	0.0778026	0.613321	0.0743863	0.54416	0.0770667	0.490384	0.0854883	0.456804	0.0928957	0.422701	0.100447	0.372129	0.109564	0.32541	0.115751	0.283914	0.119973	0.263835	0.123181	0.253066	0.126896	0.269727	0.115756	0.334545	0.115143	0.39295	0.104153	0.461335	0.0907289	0.526814	0.089025	0.58063	0.0884022	0.635466	0.0870559	0.65998	0.0839848	0.661095	0.0794175	0.661181	0.0729755	0.653485	0.0671154	0.647967
Sigma:	0.0693254	0.295899	0.060716	0.28814	0.0533863	0.302305	0.0507243	0.339256	0.049841	0.346274	0.0555373	0.336507	0.0614572	0.322448	0.0672344	0.324661	0.0688424	0.323095	0.0618986	0.353293	0.06296	0.356853	0.0626225	0.33664	0.0630653	0.323081	0.0646721	0.328238	0.0706719	0.334997	0.0686761	0.313313	0.0716017	0.279874	0.0736436	0.241969	0.0779525	0.263992	0.0774268	0.320686	0.0777763	0.357166	0.0751576	0.383371	0.0688642	0.388894	0.0631702	0.370558	0.0603292	0.341208	0.0582552	0.326467	0.055698	0.324599	0.0513311	0.332597	0.054519	0.352729	0.058554	0.385231
Weights:	1	1	1	1	1	1	1	1	1	1	1	1	1	1	1	1	1	1	1	1	1	1	1	1	1	1	1	1	1	1	1	1	1	1	1	1	1	1	1	1	1	1	1	1	1	1	1	1	1	1	1	1	1	1	1	1	1	1	1	1
*************_MODEL_*************
Model_ID: 2
N: 60
ClassLabel: 2
Threshold: -21.4136
Gamma: 0.5
TrainingMu: -17.5034
TrainingSigma: 7.82038
Mu:	0.46194	0.394289	0.459306	0.389473	0.4569	0.384105	0.455114	0.381648	0.45357	0.380741	0.446833	0.381576	0.43136	0.379248	0.415353	0.386066	0.418711	0.402741	0.381861	0.427288	0.366806	0.457007	0.368568	0.486172	0.38343	0.510804	0.400521	0.539062	0.412217	0.560601	0.428497	0.565193	0.45804	0.563845	0.491038	0.575636	0.529444	0.558805	0.538077	0.562142	0.585224	0.527912	0.588861	0.505831	0.5598	0.481824	0.552993	0.4608	0.548416	0.437834	0.544603	0.421017	0.532357	0.403977	0.508565	0.391199	0.494894	0.380854	0.476107	0.374281
Sigma:	0.358882	0.279013	0.364076	0.268439	0.367898	0.257512	0.370118	0.254948	0.368319	0.261976	0.362897	0.276478	0.350549	0.292336	0.331318	0.3097	0.315496	0.336235	0.268814	0.367896	0.250018	0.394606	0.271283	0.402513	0.310929	0.397568	0.35093	0.368153	0.38366	0.332875	0.399195	0.302123	0.396348	0.287037	0.384195	0.291347	0.362133	0.319998	0.310976	0.362951	0.297207	0.382895	0.28246	0.404298	0.273678	0.407362	0.293676	0.398884	0.31876	0.38201	0.347735	0.359032	0.370755	0.335119	0.377158	0.311369	0.384985	0.294601	0.383417	0.281479
Weights:	1	1	1	1	1	1	1	1	1	1	1	1	1	1	1	1	1	1	1	1	1	1	1	1	1	1	1	1	1	1	1	1	1	1	1	1	1	1	1	1	1	1	1	1	1	1	1	1	1	1	1	1	1	1	1	1	1	1	1	1
*************_MODEL_*************
Model_ID: 3
N: 60
ClassLabel: 3
Threshold: 57.6062
Gamma: 0.5
TrainingMu: 67.7597
TrainingSigma: 20.307
Mu:	0.0450838	0.0376097	0.0431157	0.0397259	0.0420401	0.0402024	0.0424802	0.0403074	0.0473004	0.0438963	0.0684523	0.0720381	0.147159	0.169464	0.326288	0.35808	0.57557	0.579592	0.769317	0.794645	0.891558	0.876762	0.95107	0.798518	0.959019	0.62237	0.941872	0.432631	0.909849	0.292037	0.869052	0.242041	0.821523	0.276291	0.735689	0.381756	0.610765	0.536759	0.430605	0.733197	0.289675	0.840678	0.164016	0.883781	0.0810528	0.822759	0.044501	0.678715	0.0271908	0.492734	0.0208725	0.314178	0.022217	0.172918	0.0315301	0.0822349	0.0402264	0.0345871	0.0453299	0.0200849
Sigma:	0.0442584	0.0393854	0.0444802	0.0391742	0.0445999	0.0389988	0.0452082	0.0395288	0.0480168	0.0434768	0.0638748	0.0657237	0.121599	0.12166	0.181788	0.169118	0.227744	0.202697	0.195977	0.17624	0.120151	0.109069	0.0586417	0.135101	0.0379711	0.173477	0.039493	0.158128	0.0479668	0.109273	0.0620929	0.0750724	0.0934908	0.105441	0.1305	0.154534	0.155679	0.176845	0.146817	0.162308	0.121933	0.100449	0.0937203	0.0872484	0.0593819	0.145582	0.0409343	0.197418	0.0317076	0.209231	0.0215057	0.182974	0.0211308	0.133538	0.0247395	0.0835555	0.0275109	0.047498	0.0277781	0.0303324
Weights:	1	1	1	1	1	1	1	1	1	1	1	1	1	1	1	1	1	1	1	1	1	1	1	1	1	1	1	1	1	1	1	1	1	1	1	1	1	1	1	1	1	1	1	1	1	1	1	1	1	1	1	1	1	1	1	1	1	1	1	1
*************_MODEL_*************
Model_ID: 4
N: 60
ClassLabel: 5
Threshold: 62.643
Gamma: 0.5
TrainingMu: 73.516
TrainingSigma: 21.7458
Mu:	0.992837	0.448856	0.994224	0.43981	0.994124	0.42238	0.990199	0.38948	0.976402	0.329735	0.944491	0.24545	0.892815	0.170249	0.845011	0.126731	0.83149	0.142413	0.740635	0.206698	0.685001	0.289895	0.647174	0.357125	0.606434	0.380874	0.551846	0.347106	0.493239	0.278116	0.445458	0.202819	0.412358	0.144999	0.3841	0.119579	0.358237	0.133198	0.307968	0.190524	0.281706	0.252981	0.234597	0.320833	0.177334	0.362489	0.128594	0.367855	0.0823651	0.338007	0.0447721	0.28398	0.0225217	0.215069	0.0161246	0.143934	0.0247659	0.0792521	0.0443375	0.0320474
Sigma:	0.00981962	0.0824388	0.00810691	0.0844405	0.0102957	0.0915156	0.0174972	0.10582	0.0326331	0.124249	0.0511761	0.137304	0.0672365	0.116825	0.072372	0.0808472	0.065699	0.0953223	0.0558917	0.14152	0.0527408	0.151409	0.060846	0.12941	0.0692713	0.111187	0.0706477	0.112115	0.0687532	0.112947	0.065623	0.105876	0.0656266	0.096135	0.0676485	0.114289	0.0671843	0.153572	0.0620809	0.185181	0.064375	0.177881	0.0715854	0.158222	0.0787213	0.135241	0.0777392	0.120449	0.0691279	0.117224	0.0569418	0.121323	0.0379926	0.121274	0.0205047	0.102035	0.0258646	0.0738302	0.0509656	0.047891
Weights:	1	1	1	1	1	1	1	1	1	1	1	1	1	1	1	1	1	1	1	1	1	1	1	1	1	1	1	1	1	1	1	1	1	1	1	1	1	1	1	1	1	1	1	1	1	1	1	1	1	1	1	1	1	1	1	1	1	1	1	1
*************_MODEL_*************
Model_ID: 5
N: 60
ClassLabel: 6
Threshold: 34.5874
Gamma: 0.5
TrainingMu: 43.4022
TrainingSigma: 17.6296
Mu:	0.132385	0.0240914	0.179072	0.0141143	0.239285	0.0182354	0.303226	0.0251585	0.367308	0.0344716	0.427542	0.0596239	0.487222	0.0984701	0.511981	0.143001	0.521362	0.1899	0.429431	0.224919	0.350099	0.266537	0.272383	0.299842	0.209232	0.335682	0.187735	0.367654	0.205432	0.401901	0.258727	0.442199	0.338481	0.481078	0.423333	0.531339	0.504763	0.575776	0.534233	0.646579	0.564463	0.670572	0.504797	0.704098	0.411196	0.733765	0.328214	0.772871	0.261292	0.816276	0.243222	0.865179	0.259037	0.907951	0.287984	0.951781	0.367036	0.976833	0.446407	0.992893
Sigma:	0.112331	0.0649178	0.144266	0.0266411	0.196282	0.0225355	0.242164	0.0279215	0.271773	0.0396689	0.277136	0.0581845	0.253134	0.0759744	0.224401	0.0925436	0.230587	0.101531	0.220314	0.106932	0.217976	0.10771	0.207584	0.105351	0.18955	0.102036	0.18344	0.101025	0.185432	0.101655	0.195087	0.105613	0.221497	0.103661	0.254656	0.0956934	0.273694	0.0885883	0.256555	0.083431	0.261643	0.0677226	0.258981	0.0641799	0.261538	0.0623696	0.270699	0.0626431	0.258347	0.066275	0.244406	0.0643815	0.222014	0.0488917	0.21428	0.0278217	0.246419	0.0191621	0.273142	0.0226883
Weights:	1	1	1	1	1	1	1	1	1	1	1	1	1	1	1	1	1	1	1	1	1	1	1	1	1	1	1	1	1	1	1	1	1	1	1	1	1	1	1	1	1	1	1	1	1	1	1	1	1	1	1	1	1	1	1	1	1	1	1	1
