GRT_PIPELINE_FILE_V3.0
PipelineMode: CLASSIFICATION_MODE
NumPreprocessingModules: 0
NumFeatureExtractionModules: 0
NumPostprocessingModules: 0
Trained: 1
Info: 
PreProcessingModuleDatatypes:
FeatureExtractionModuleDatatypes:
ClassificationModuleDatatype:	ANBC
PostProcessingModuleDatatypes:
GRT_ANBC_MODEL_FILE_V2.0
Trained: 1
UseScaling: 1
NumInputDimensions: 60
NumOutputDimensions: 0
NumTrainingIterationsToConverge: 0
MinNumEpochs: 0
MaxNumEpochs: 100
ValidationSetSize: 20
LearningRate: 0.1
MinChange: 1e-05
UseValidationSet: 0
RandomiseTrainingOrder: 1
UseNullRejection: 1
ClassifierMode: 0
NullRejectionCoeff: 20
NumClasses: 5
NullRejectionThresholds:  -221.155 -235.331 -656.604 -343.465 -288.628
ClassLabels:  1 2 3 5 6
Ranges: 
0	1
0	1
0	1
0	1
0	1
0	1
0	1
0	1
0	1
0	1
0	1
0	1
0	1
0	1
0	1
0.00379507	1
0	1
0	1
0	0.985714
0.00412371	1
0	1
0	1
0	1
0	1
0	1
0	1
0	1
0	1
0	1
0	1
0	1
0	1
0	0.982368
0	0.997792
0.00253807	0.962644
0	0.991826
0	0.930481
0	1
0	0.954545
0	1
0.00251889	0.871658
0	1
0	0.918256
0	1
0	0.972752
0	1
0	0.99455
0	1
0	1
0	1
0	0.992481
0	1
0	0.987179
0	1
0	1
0	1
0	0.987179
0	1
0	0.982609
0	1
*************_MODEL_*************
Model_ID: 1
N: 60
ClassLabel: 1
Threshold: -221.155
Gamma: 20
TrainingMu: 30.6789
TrainingSigma: 12.5917
Mu:	0.0671828	0.799146	0.0649959	0.803691	0.0658266	0.800198	0.0698457	0.779914	0.0729089	0.752041	0.0735409	0.728213	0.0750797	0.691575	0.0741504	0.640683	0.0770373	0.613171	0.0799024	0.559236	0.0834578	0.508143	0.090644	0.474713	0.0972094	0.430162	0.10336	0.380521	0.112333	0.330251	0.118151	0.284862	0.121285	0.265728	0.123249	0.263016	0.127056	0.280102	0.117229	0.325331	0.121113	0.391879	0.10922	0.455813	0.0983169	0.516115	0.0954955	0.561405	0.0924835	0.611253	0.0882798	0.63676	0.0834743	0.641379	0.0770186	0.642489	0.0735512	0.630194	0.0674659	0.636582
Sigma:	0.0683085	0.302659	0.0601755	0.303819	0.0536959	0.319097	0.0520551	0.348487	0.0533874	0.356956	0.0596687	0.34188	0.0660995	0.330515	0.0698495	0.331124	0.0695272	0.332296	0.067677	0.355958	0.067804	0.364365	0.0667479	0.347498	0.0651715	0.333624	0.0620236	0.329367	0.0653178	0.325088	0.0633108	0.295992	0.0671609	0.26124	0.0711105	0.242494	0.077987	0.269383	0.0795013	0.323419	0.0815257	0.372863	0.0751362	0.394895	0.0692581	0.393976	0.0646806	0.37015	0.0644954	0.349292	0.063101	0.343991	0.0593727	0.344948	0.0534349	0.346345	0.0530459	0.354864	0.0560745	0.374436
Weights:	1	1	1	1	1	1	1	1	1	1	1	1	1	1	1	1	1	1	1	1	1	1	1	1	1	1	1	1	1	1	1	1	1	1	1	1	1	1	1	1	1	1	1	1	1	1	1	1	1	1	1	1	1	1	1	1	1	1	1	1
*************_MODEL_*************
Model_ID: 2
N: 60
ClassLabel: 2
Threshold: -235.331
Gamma: 20
TrainingMu: -16.6399
TrainingSigma: 10.9346
Mu:	0.407581	0.355448	0.402956	0.354019	0.400002	0.354404	0.398621	0.35806	0.397695	0.362679	0.392081	0.370054	0.380603	0.376328	0.364402	0.391157	0.353157	0.42615	0.356979	0.467045	0.362977	0.513447	0.383785	0.5517	0.417217	0.580277	0.454491	0.604471	0.480037	0.614502	0.504682	0.601586	0.539408	0.578242	0.570616	0.56338	0.603957	0.522791	0.596156	0.4857	0.649964	0.452133	0.605856	0.419376	0.552471	0.389904	0.522163	0.372399	0.499	0.35714	0.479077	0.350155	0.456714	0.345564	0.429392	0.345529	0.414303	0.346383	0.39884	0.348625
Sigma:	0.355952	0.265229	0.356828	0.260175	0.359165	0.256358	0.360927	0.259825	0.360005	0.268929	0.356438	0.282918	0.348439	0.295719	0.330066	0.310736	0.306002	0.332628	0.288735	0.364601	0.276685	0.388892	0.295755	0.394996	0.328923	0.388188	0.363265	0.356243	0.389321	0.321225	0.398749	0.293344	0.389455	0.2832	0.368887	0.29476	0.341654	0.327971	0.283672	0.359628	0.273743	0.387197	0.252056	0.402004	0.25687	0.39717	0.291259	0.378675	0.327526	0.352746	0.363404	0.323983	0.387332	0.297264	0.389514	0.277173	0.389665	0.267788	0.380188	0.264098
Weights:	1	1	1	1	1	1	1	1	1	1	1	1	1	1	1	1	1	1	1	1	1	1	1	1	1	1	1	1	1	1	1	1	1	1	1	1	1	1	1	1	1	1	1	1	1	1	1	1	1	1	1	1	1	1	1	1	1	1	1	1
*************_MODEL_*************
Model_ID: 3
N: 60
ClassLabel: 3
Threshold: -656.604
Gamma: 20
TrainingMu: 55.7015
TrainingSigma: 35.6153
Mu:	0.0505336	0.0433657	0.0488598	0.0457844	0.0506346	0.0479777	0.056123	0.0534616	0.0670387	0.0627069	0.0976862	0.102699	0.187613	0.20929	0.361869	0.389824	0.560624	0.597886	0.77084	0.788942	0.882884	0.845241	0.940587	0.765949	0.947905	0.60653	0.929541	0.436111	0.894878	0.312784	0.850333	0.271261	0.797098	0.307631	0.704601	0.418488	0.58453	0.570535	0.417056	0.730421	0.290749	0.842802	0.160162	0.866807	0.0802668	0.791828	0.0425488	0.639045	0.0254543	0.452142	0.0210195	0.28003	0.0264713	0.149152	0.0362574	0.0673952	0.045215	0.0260775	0.050263	0.0134614
Sigma:	0.0462492	0.0460069	0.0463704	0.0455033	0.0500923	0.0476503	0.0709326	0.065361	0.101866	0.088593	0.139236	0.138018	0.181876	0.176944	0.219578	0.199938	0.249586	0.233013	0.219288	0.205742	0.145843	0.154969	0.0699897	0.159045	0.0481091	0.198967	0.0567541	0.19001	0.0730097	0.143686	0.0980381	0.106564	0.131864	0.131221	0.170976	0.174667	0.196654	0.190655	0.187149	0.164878	0.15948	0.110443	0.109892	0.108178	0.0651165	0.165032	0.041512	0.206707	0.0322023	0.211028	0.0244502	0.178221	0.0264261	0.123671	0.0290264	0.0704865	0.030696	0.0338133	0.031501	0.0217213
Weights:	1	1	1	1	1	1	1	1	1	1	1	1	1	1	1	1	1	1	1	1	1	1	1	1	1	1	1	1	1	1	1	1	1	1	1	1	1	1	1	1	1	1	1	1	1	1	1	1	1	1	1	1	1	1	1	1	1	1	1	1
*************_MODEL_*************
Model_ID: 4
N: 60
ClassLabel: 5
Threshold: -343.465
Gamma: 20
TrainingMu: 72.6738
TrainingSigma: 20.8069
Mu:	0.992663	0.451607	0.994036	0.443911	0.994026	0.428113	0.990259	0.395837	0.976207	0.334288	0.943381	0.249733	0.89361	0.172629	0.833999	0.123761	0.773554	0.138591	0.735807	0.195819	0.68783	0.283257	0.653119	0.353679	0.613922	0.383207	0.559195	0.351538	0.497784	0.284006	0.448411	0.210682	0.413213	0.153991	0.381892	0.129199	0.358158	0.141996	0.310651	0.190449	0.296562	0.255177	0.242322	0.319121	0.18741	0.358152	0.138242	0.361044	0.0909048	0.330778	0.0509733	0.278647	0.0248411	0.212482	0.0161812	0.145671	0.0231163	0.0845115	0.042197	0.0380361
Sigma:	0.0101812	0.0806268	0.00842438	0.0833719	0.0104608	0.0911245	0.0175919	0.10484	0.0335073	0.125213	0.0541465	0.142181	0.0712209	0.124078	0.0744859	0.0860925	0.064921	0.0949695	0.0595949	0.138843	0.0574586	0.148541	0.0631805	0.127561	0.0695999	0.111399	0.0724131	0.113248	0.0701913	0.113758	0.0677714	0.105054	0.0679963	0.0929446	0.0694067	0.110821	0.0689868	0.152635	0.0628593	0.181806	0.0672977	0.185335	0.0724089	0.169191	0.0779359	0.145865	0.0767189	0.123154	0.0690791	0.11317	0.0579428	0.115482	0.039435	0.118616	0.0201723	0.102893	0.0237879	0.0776658	0.0496051	0.0547285
Weights:	1	1	1	1	1	1	1	1	1	1	1	1	1	1	1	1	1	1	1	1	1	1	1	1	1	1	1	1	1	1	1	1	1	1	1	1	1	1	1	1	1	1	1	1	1	1	1	1	1	1	1	1	1	1	1	1	1	1	1	1
*************_MODEL_*************
Model_ID: 5
N: 60
ClassLabel: 6
Threshold: -288.628
Gamma: 20
TrainingMu: 44.8479
TrainingSigma: 16.6738
Mu:	0.14279	0.0241467	0.193266	0.0143431	0.25264	0.0163854	0.32027	0.0233562	0.39314	0.0360392	0.457213	0.0597303	0.514225	0.0994653	0.533649	0.144675	0.507095	0.196855	0.435675	0.228878	0.335288	0.269565	0.248808	0.299156	0.18384	0.333098	0.169531	0.363661	0.195964	0.398329	0.268975	0.439604	0.362962	0.480535	0.452662	0.528546	0.540657	0.575431	0.55927	0.623715	0.593569	0.666917	0.48782	0.701726	0.381769	0.735753	0.290671	0.778182	0.230311	0.819839	0.214415	0.866597	0.245788	0.90652	0.284597	0.949313	0.385806	0.977419	0.478713	0.994161
Sigma:	0.112962	0.0700276	0.146908	0.0284328	0.200851	0.0185738	0.246082	0.0245552	0.278849	0.0399219	0.278598	0.0601132	0.24452	0.0740057	0.200241	0.0869371	0.200876	0.0930246	0.215908	0.0998764	0.215952	0.103791	0.192438	0.105054	0.1567	0.103863	0.152057	0.106934	0.171354	0.108373	0.205932	0.111753	0.232943	0.108049	0.246516	0.104796	0.25314	0.0950256	0.233476	0.089296	0.262288	0.0756622	0.259835	0.0672242	0.260227	0.0634665	0.248581	0.0646935	0.220795	0.0655546	0.19721	0.0655892	0.193328	0.0469616	0.213413	0.0274026	0.254142	0.0182942	0.281849	0.0204483
Weights:	1	1	1	1	1	1	1	1	1	1	1	1	1	1	1	1	1	1	1	1	1	1	1	1	1	1	1	1	1	1	1	1	1	1	1	1	1	1	1	1	1	1	1	1	1	1	1	1	1	1	1	1	1	1	1	1	1	1	1	1
