GRT_PIPELINE_FILE_V3.0
PipelineMode: CLASSIFICATION_MODE
NumPreprocessingModules: 0
NumFeatureExtractionModules: 0
NumPostprocessingModules: 0
Trained: 1
Info: 
PreProcessingModuleDatatypes:
FeatureExtractionModuleDatatypes:
ClassificationModuleDatatype:	ANBC
PostProcessingModuleDatatypes:
GRT_ANBC_MODEL_FILE_V2.0
Trained: 1
UseScaling: 1
NumInputDimensions: 120
NumOutputDimensions: 0
NumTrainingIterationsToConverge: 0
MinNumEpochs: 0
MaxNumEpochs: 100
ValidationSetSize: 20
LearningRate: 0.1
MinChange: 1e-05
UseValidationSet: 0
RandomiseTrainingOrder: 1
UseNullRejection: 1
ClassifierMode: 0
NullRejectionCoeff: 10
NumClasses: 5
NullRejectionThresholds:  -115.722 -70.637 -330.985 -174.358 -172.117
ClassLabels:  1 2 3 5 6
Ranges: 
0	1
0	1
0	0
0	0
0	1
0	1
-0.378205	0.420485
-0.707484	0.517544
0	1
0	1
-0.651515	0.397959
-0.693334	0.627451
0	1
0	1
-0.526668	0.346774
-0.702898	0.672077
0	1
0	1
-0.965986	0.529763
-1.23958	0.70055
0	1
0	1
-0.761905	0.55102
-0.985184	0.459929
0	1
0	1
-0.806372	0.560605
-0.807972	0.579167
0	1
0	1
-0.44898	0.821429
-0.77591	0.782312
0	1
0	1
-0.38141	0.542857
-0.772727	0.443396
0	1
0	1
-0.473215	0.916667
-0.609375	0.668464
0	1
0	1
-0.638888	0.645834
-0.800812	0.70486
0	1
0	1
-0.821429	0.477204
-0.964286	0.634751
0	1
0	1
-0.571428	0.479166
-0.643334	0.656534
0	1
0	1
-0.405557	0.452381
-0.703251	0.712123
0	1
0	1
-0.484849	0.404762
-0.616542	0.574468
0	1
0	1
-0.702381	0.555555
-0.689543	0.647437
0	1
0	1
-0.444444	0.887821
-0.935373	0.602836
0	1
0	1
-0.460829	0.605555
-0.774602	0.654471
0	1
0	1
-0.555556	0.815973
-0.842948	0.649124
0	1
0	1
-0.5625	0.596638
-0.888888	0.66
0	1
0	1
-0.46795	0.486394
-0.6	0.5625
0	1
0	1
-0.520834	0.839286
-0.762819	0.663043
0	1
0	1
-0.393939	0.586419
-0.916666	0.74
0	1
0	1
-1.20833	0.583334
-0.666668	0.642856
0	1
0	1
-0.583333	0.712121
-0.755102	0.596666
0	1
0	1
-0.611112	0.444444
-0.742423	0.65625
0	0.979167
0	1
-0.566667	0.461538
-0.599291	0.565349
0	1
0	1
-0.463636	0.487878
-0.883931	0.734126
0	1
0	1
-0.630728	0.714285
-0.553571	0.62
0	1
0	1
-0.541666	0.556652
-0.58385	0.636055
*************_MODEL_*************
Model_ID: 1
N: 120
ClassLabel: 1
Threshold: -115.722
Gamma: 10
TrainingMu: 2.4074
TrainingSigma: 11.813
Mu:	0.450038	0.470568	0	0	0.438391	0.447582	0.525526	0.598185	0.450134	0.419543	0.597971	0.551819	0.49225	0.419937	0.525314	0.503686	0.530286	0.394277	0.612551	0.659965	0.559714	0.404642	0.551168	0.674224	0.592487	0.431691	0.557135	0.545613	0.61604	0.452765	0.302403	0.475088	0.591544	0.521434	0.457997	0.544089	0.532741	0.536091	0.409282	0.463801	0.550025	0.545773	0.474952	0.524399	0.610742	0.54772	0.563091	0.611619	0.599484	0.525895	0.562584	0.512803	0.621798	0.48442	0.453715	0.539504	0.630087	0.452805	0.521889	0.55436	0.610816	0.39886	0.578052	0.581641	0.574152	0.378287	0.389652	0.624123	0.572532	0.347908	0.424081	0.590286	0.535941	0.343443	0.429326	0.569205	0.51504	0.403453	0.507989	0.513856	0.483434	0.490516	0.533624	0.407764	0.455247	0.544615	0.403407	0.488675	0.455051	0.58511	0.425559	0.521011	0.46454	0.590968	0.658139	0.500305	0.504615	0.566366	0.405383	0.58622	0.538327	0.527556	0.543469	0.572072	0.531516	0.468267	0.557945	0.585176	0.473455	0.418282	0.563263	0.590213	0.415632	0.346029	0.536519	0.565936	0.381365	0.306475	0.540128	0.525367
Sigma:	0.286693	0.33608	0.1	0.1	0.31215	0.355482	0.218395	0.27311	0.243085	0.378809	0.187005	0.220251	0.248407	0.387385	0.16137	0.224032	0.213742	0.363204	0.116207	0.130749	0.210706	0.349214	0.184789	0.211787	0.231321	0.354235	0.0973008	0.232753	0.218411	0.36018	0.144958	0.216426	0.219132	0.376738	0.220923	0.2747	0.304962	0.397701	0.198072	0.187587	0.309084	0.356376	0.182402	0.164301	0.204522	0.33077	0.230992	0.222467	0.203966	0.328608	0.253909	0.228061	0.263364	0.358886	0.282753	0.224444	0.295035	0.368993	0.23041	0.24467	0.280463	0.359586	0.224667	0.196253	0.307425	0.338728	0.148198	0.173605	0.275116	0.31274	0.168608	0.240555	0.272145	0.314818	0.133116	0.187383	0.298157	0.339703	0.204063	0.229084	0.26434	0.364649	0.171106	0.229805	0.313835	0.380248	0.212773	0.19816	0.322643	0.38939	0.241668	0.164722	0.289474	0.384284	0.185126	0.201812	0.332417	0.368097	0.213559	0.213221	0.301225	0.326171	0.162946	0.251216	0.248526	0.331202	0.230323	0.286829	0.260693	0.376071	0.213785	0.195242	0.293195	0.375656	0.192382	0.196844	0.307278	0.358322	0.162058	0.175618
Weights:	1	1	1	1	1	1	1	1	1	1	1	1	1	1	1	1	1	1	1	1	1	1	1	1	1	1	1	1	1	1	1	1	1	1	1	1	1	1	1	1	1	1	1	1	1	1	1	1	1	1	1	1	1	1	1	1	1	1	1	1	1	1	1	1	1	1	1	1	1	1	1	1	1	1	1	1	1	1	1	1	1	1	1	1	1	1	1	1	1	1	1	1	1	1	1	1	1	1	1	1	1	1	1	1	1	1	1	1	1	1	1	1	1	1	1	1	1	1	1	1
*************_MODEL_*************
Model_ID: 2
N: 120
ClassLabel: 2
Threshold: -70.637
Gamma: 10
TrainingMu: -1.45418
TrainingSigma: 6.91828
Mu:	0.509593	0.393538	0	0	0.539206	0.406905	0.422908	0.557611	0.545773	0.432918	0.614992	0.505726	0.552004	0.472908	0.603721	0.463184	0.5272	0.530249	0.676007	0.593851	0.512044	0.551417	0.592736	0.667101	0.484319	0.549475	0.620222	0.578686	0.45443	0.522787	0.387866	0.528406	0.437807	0.488244	0.44328	0.679099	0.443194	0.44851	0.336487	0.515551	0.450229	0.43894	0.488513	0.538404	0.464607	0.432974	0.628092	0.61405	0.483409	0.430862	0.516404	0.499676	0.490433	0.459317	0.463723	0.466049	0.517448	0.464159	0.493037	0.515032	0.529075	0.466592	0.546516	0.514644	0.528682	0.480291	0.329673	0.602342	0.52547	0.487147	0.439306	0.533597	0.514847	0.486497	0.412607	0.557471	0.4982	0.504976	0.505477	0.556478	0.48941	0.473242	0.511761	0.549887	0.487939	0.468414	0.378665	0.540609	0.481994	0.456268	0.412009	0.571263	0.488858	0.43855	0.667304	0.522814	0.469487	0.442903	0.478229	0.561733	0.478708	0.447951	0.569253	0.529969	0.502945	0.437196	0.53684	0.530787	0.490623	0.442382	0.491146	0.548461	0.510487	0.472393	0.4483	0.433698	0.487823	0.508995	0.52105	0.441028
Sigma:	0.37668	0.310725	0.1	0.1	0.381667	0.301344	0.226284	0.204706	0.3696	0.328589	0.173043	0.190168	0.324238	0.373464	0.222957	0.175444	0.284558	0.402891	0.17902	0.13075	0.307605	0.377983	0.200345	0.125342	0.346803	0.339211	0.190601	0.200857	0.365787	0.327285	0.154636	0.229183	0.357048	0.345682	0.228013	0.187987	0.351868	0.35805	0.161689	0.213373	0.333613	0.375398	0.124717	0.123043	0.330729	0.363128	0.195846	0.160438	0.325543	0.371233	0.228892	0.182137	0.318512	0.364981	0.276694	0.170459	0.320476	0.34974	0.228962	0.190118	0.323465	0.343594	0.185555	0.180576	0.316384	0.350185	0.165177	0.190344	0.328349	0.348122	0.20739	0.155535	0.318789	0.369215	0.158034	0.179169	0.318161	0.372384	0.181286	0.173541	0.331287	0.370816	0.221184	0.187651	0.345898	0.358353	0.160216	0.20503	0.36246	0.357787	0.23191	0.164615	0.366279	0.365249	0.136509	0.16638	0.362359	0.365353	0.183701	0.152671	0.349049	0.361878	0.20877	0.168657	0.345442	0.358295	0.212107	0.224858	0.335052	0.376379	0.284607	0.134563	0.353639	0.366778	0.181609	0.216739	0.364452	0.362471	0.196757	0.203368
Weights:	1	1	1	1	1	1	1	1	1	1	1	1	1	1	1	1	1	1	1	1	1	1	1	1	1	1	1	1	1	1	1	1	1	1	1	1	1	1	1	1	1	1	1	1	1	1	1	1	1	1	1	1	1	1	1	1	1	1	1	1	1	1	1	1	1	1	1	1	1	1	1	1	1	1	1	1	1	1	1	1	1	1	1	1	1	1	1	1	1	1	1	1	1	1	1	1	1	1	1	1	1	1	1	1	1	1	1	1	1	1	1	1	1	1	1	1	1	1	1	1
*************_MODEL_*************
Model_ID: 3
N: 120
ClassLabel: 3
Threshold: -330.985
Gamma: 10
TrainingMu: 94.6478
TrainingSigma: 42.5633
Mu:	0.0930115	0.0346303	0	0	0.0981491	0.0397992	0.461528	0.569631	0.1211	0.0767182	0.591355	0.48794	0.183293	0.187265	0.501725	0.399537	0.344541	0.460692	0.486408	0.433489	0.55784	0.750462	0.342818	0.38744	0.734144	0.911811	0.400139	0.410488	0.805529	0.94334	0.270144	0.470764	0.838511	0.887785	0.358865	0.704974	0.868948	0.739003	0.308722	0.648167	0.899791	0.562052	0.4637	0.702407	0.935226	0.366962	0.591438	0.780846	0.955474	0.210695	0.515988	0.6682	0.959123	0.11684	0.470512	0.592409	0.907047	0.10726	0.627705	0.531206	0.812603	0.171223	0.674016	0.442749	0.631617	0.334796	0.539009	0.442823	0.465043	0.491275	0.661245	0.380423	0.306932	0.637655	0.572493	0.422592	0.198261	0.739943	0.62332	0.476048	0.130164	0.764334	0.590865	0.484439	0.103639	0.709085	0.414736	0.58622	0.09201	0.604174	0.414534	0.646269	0.0943912	0.492018	0.67537	0.630537	0.0954693	0.357746	0.445646	0.702953	0.0991655	0.26036	0.574807	0.633951	0.105927	0.170012	0.542036	0.629497	0.112963	0.106556	0.475332	0.608311	0.11067	0.0728624	0.468862	0.511846	0.107985	0.0617124	0.497962	0.491301
Sigma:	0.0717909	0.0387962	0.1	0.1	0.072955	0.0577236	0.0268064	0.0351735	0.085807	0.122209	0.0415056	0.0808629	0.119566	0.214034	0.0991335	0.133655	0.206064	0.296796	0.131703	0.147679	0.196059	0.230453	0.137351	0.188338	0.142459	0.118049	0.124813	0.159239	0.104526	0.0813593	0.0703634	0.0951634	0.0889533	0.113281	0.0716795	0.111318	0.0771306	0.206297	0.0473479	0.139473	0.0745617	0.243859	0.0422585	0.09102	0.0606776	0.23187	0.0409069	0.0808537	0.0416504	0.175323	0.0803698	0.124927	0.0504076	0.131695	0.0775361	0.0914497	0.100621	0.100975	0.11833	0.1273	0.174004	0.164407	0.115428	0.137329	0.270669	0.290034	0.15526	0.174137	0.311256	0.349159	0.147682	0.145066	0.267457	0.306754	0.128109	0.146887	0.211981	0.249555	0.140498	0.149306	0.155117	0.209656	0.136337	0.189913	0.127117	0.254696	0.0721416	0.148663	0.0968972	0.310223	0.0917103	0.141915	0.0844769	0.334028	0.0433317	0.136436	0.0848484	0.325814	0.0296128	0.145482	0.0699524	0.279847	0.0398914	0.111384	0.0679061	0.242017	0.0534451	0.136934	0.0708774	0.17813	0.0534281	0.102771	0.0773996	0.1437	0.0197841	0.0897163	0.0814133	0.122638	0.0262549	0.0507736
Weights:	1	1	1	1	1	1	1	1	1	1	1	1	1	1	1	1	1	1	1	1	1	1	1	1	1	1	1	1	1	1	1	1	1	1	1	1	1	1	1	1	1	1	1	1	1	1	1	1	1	1	1	1	1	1	1	1	1	1	1	1	1	1	1	1	1	1	1	1	1	1	1	1	1	1	1	1	1	1	1	1	1	1	1	1	1	1	1	1	1	1	1	1	1	1	1	1	1	1	1	1	1	1	1	1	1	1	1	1	1	1	1	1	1	1	1	1	1	1	1	1
*************_MODEL_*************
Model_ID: 4
N: 120
ClassLabel: 5
Threshold: -174.358
Gamma: 10
TrainingMu: 92.5406
TrainingSigma: 26.6899
Mu:	0.94621	0.695923	0	0	0.959387	0.738672	0.4481	0.527036	0.950859	0.684424	0.629425	0.58549	0.932705	0.577237	0.63536	0.620402	0.896427	0.392037	0.680934	0.780092	0.852784	0.247543	0.627082	0.830196	0.789044	0.152489	0.656056	0.678406	0.724367	0.158947	0.430811	0.493226	0.64792	0.264593	0.541221	0.512139	0.584411	0.425853	0.40396	0.297159	0.537425	0.587733	0.552441	0.374772	0.497755	0.689114	0.677634	0.503209	0.47675	0.657015	0.572582	0.535052	0.454092	0.585915	0.507937	0.577668	0.43702	0.469688	0.572972	0.659877	0.418333	0.355016	0.580946	0.641555	0.385577	0.303595	0.368297	0.662111	0.352336	0.285689	0.479899	0.558453	0.313566	0.345061	0.442481	0.513161	0.281034	0.45491	0.530905	0.47174	0.241411	0.550766	0.54866	0.398411	0.212386	0.629595	0.416852	0.454142	0.187858	0.635742	0.437826	0.547085	0.165492	0.602907	0.693509	0.548326	0.139955	0.543333	0.47936	0.626466	0.115094	0.501521	0.610857	0.573157	0.0874626	0.481547	0.59294	0.538364	0.0532206	0.503278	0.53539	0.524214	0.0288934	0.511699	0.494842	0.464169	0.0131341	0.509592	0.514439	0.484563
Sigma:	0.0886724	0.252678	0.1	0.1	0.0491886	0.239994	0.108551	0.184998	0.0519467	0.257687	0.0689465	0.142017	0.0741178	0.25781	0.081787	0.139126	0.0941538	0.222721	0.0424373	0.0895501	0.114923	0.185648	0.0445698	0.0967099	0.139412	0.169003	0.046509	0.159286	0.148769	0.19503	0.0410613	0.146102	0.143673	0.249303	0.0732496	0.180331	0.128297	0.297643	0.0378117	0.148806	0.109525	0.305539	0.0479273	0.153581	0.0987452	0.269083	0.0577546	0.200367	0.0871259	0.263896	0.0473878	0.199798	0.0831749	0.273113	0.0624145	0.222232	0.0832893	0.298644	0.0481422	0.202546	0.0871348	0.298566	0.0311544	0.131281	0.090045	0.256921	0.0339296	0.139467	0.094174	0.224857	0.0382438	0.193213	0.0922033	0.257215	0.0291351	0.177525	0.087436	0.310787	0.0368545	0.162347	0.0760553	0.323367	0.0690654	0.220491	0.0790904	0.32801	0.0485609	0.20012	0.085254	0.325779	0.0474381	0.197058	0.0802347	0.302918	0.0306317	0.190512	0.0740659	0.309671	0.0316829	0.186418	0.0658228	0.295152	0.0379959	0.183689	0.0518295	0.271584	0.0495902	0.222961	0.0425072	0.30411	0.0384844	0.207757	0.0231772	0.334116	0.0339163	0.228402	0.0262541	0.333984	0.0464452	0.191858
Weights:	1	1	1	1	1	1	1	1	1	1	1	1	1	1	1	1	1	1	1	1	1	1	1	1	1	1	1	1	1	1	1	1	1	1	1	1	1	1	1	1	1	1	1	1	1	1	1	1	1	1	1	1	1	1	1	1	1	1	1	1	1	1	1	1	1	1	1	1	1	1	1	1	1	1	1	1	1	1	1	1	1	1	1	1	1	1	1	1	1	1	1	1	1	1	1	1	1	1	1	1	1	1	1	1	1	1	1	1	1	1	1	1	1	1	1	1	1	1	1	1
*************_MODEL_*************
Model_ID: 5
N: 120
ClassLabel: 6
Threshold: -172.117
Gamma: 10
TrainingMu: 136.263
TrainingSigma: 30.838
Mu:	0.293067	0.028396	0	0	0.4064	0.0112819	0.282024	0.596647	0.564425	0.0200106	0.398699	0.51478	0.736468	0.038961	0.315396	0.491254	0.871031	0.0595599	0.518613	0.624116	0.937117	0.0959409	0.511067	0.64656	0.890727	0.122944	0.643984	0.551787	0.726833	0.162798	0.543806	0.462826	0.538089	0.197937	0.70269	0.593506	0.338763	0.236263	0.549396	0.432246	0.208009	0.28076	0.642736	0.488389	0.16053	0.318079	0.678853	0.57146	0.18796	0.347603	0.511488	0.463244	0.281699	0.373807	0.317569	0.473858	0.414632	0.395774	0.343079	0.492086	0.552778	0.426189	0.40068	0.481564	0.649771	0.466408	0.227939	0.571266	0.712337	0.514358	0.351014	0.497358	0.714448	0.570484	0.403653	0.508402	0.671217	0.621286	0.542837	0.527178	0.601022	0.669476	0.588706	0.455458	0.468684	0.713102	0.519618	0.4905	0.33886	0.75401	0.585053	0.520877	0.238111	0.796467	0.754554	0.460707	0.18152	0.838626	0.512654	0.515113	0.184332	0.878169	0.578188	0.489625	0.259267	0.91023	0.447851	0.474032	0.347505	0.944438	0.348715	0.518905	0.448114	0.96982	0.369167	0.440898	0.537319	0.999223	0.367041	0.44519
Sigma:	0.13512	0.0826781	0.1	0.1	0.131286	0.0338196	0.101949	0.069109	0.162302	0.0238559	0.124585	0.023914	0.171163	0.0291886	0.132068	0.0205694	0.124739	0.0347872	0.0789998	0.0134626	0.0906558	0.0429366	0.0954089	0.0205724	0.117493	0.0525529	0.114108	0.0167706	0.200106	0.0679968	0.170593	0.0271122	0.230125	0.0784653	0.154771	0.0268266	0.210381	0.0961804	0.0979567	0.0339217	0.156223	0.108575	0.107198	0.0303512	0.118444	0.105716	0.148008	0.0266307	0.141979	0.107297	0.151449	0.0269287	0.208647	0.109449	0.148749	0.0193255	0.217928	0.10922	0.152362	0.024232	0.216447	0.113816	0.115748	0.0272684	0.221838	0.113469	0.131618	0.0236034	0.235129	0.107352	0.191273	0.0212301	0.275643	0.100818	0.158195	0.0211499	0.305408	0.0890377	0.141271	0.0221276	0.324743	0.0827115	0.195043	0.040285	0.324077	0.0726766	0.114248	0.0209223	0.267531	0.0672807	0.168844	0.0199109	0.207367	0.0555751	0.102348	0.0285307	0.153479	0.0462029	0.136795	0.0307748	0.165905	0.0471871	0.185526	0.0335053	0.217806	0.0401307	0.205254	0.0296029	0.267153	0.0324123	0.153152	0.0175999	0.292185	0.0210532	0.109702	0.0197072	0.28781	0.00446353	0.196996	0.0237956
Weights:	1	1	1	1	1	1	1	1	1	1	1	1	1	1	1	1	1	1	1	1	1	1	1	1	1	1	1	1	1	1	1	1	1	1	1	1	1	1	1	1	1	1	1	1	1	1	1	1	1	1	1	1	1	1	1	1	1	1	1	1	1	1	1	1	1	1	1	1	1	1	1	1	1	1	1	1	1	1	1	1	1	1	1	1	1	1	1	1	1	1	1	1	1	1	1	1	1	1	1	1	1	1	1	1	1	1	1	1	1	1	1	1	1	1	1	1	1	1	1	1
