GRT_PIPELINE_FILE_V3.0
PipelineMode: CLASSIFICATION_MODE
NumPreprocessingModules: 0
NumFeatureExtractionModules: 0
NumPostprocessingModules: 0
Trained: 1
Info: 
PreProcessingModuleDatatypes:
FeatureExtractionModuleDatatypes:
ClassificationModuleDatatype:	ANBC
PostProcessingModuleDatatypes:
GRT_ANBC_MODEL_FILE_V2.0
Trained: 1
UseScaling: 1
NumInputDimensions: 60
NumOutputDimensions: 0
NumTrainingIterationsToConverge: 0
MinNumEpochs: 0
MaxNumEpochs: 100
ValidationSetSize: 20
LearningRate: 0.1
MinChange: 1e-05
UseValidationSet: 0
RandomiseTrainingOrder: 1
UseNullRejection: 1
ClassifierMode: 0
NullRejectionCoeff: 10
NumClasses: 5
NullRejectionThresholds:  -76.6811 -55.8356 -249.743 -157.332 -154.352
ClassLabels:  1 2 3 5 6
Ranges: 
0	1
0	1
0	1
0	0.995146
0	1
0	0.946955
0	1
0	1
0.00759013	0.995381
0	0.992188
0	1
0	1
0	1
0	0.997955
0	1
0	1
0	0.971292
0	1
0	0.97561
0	0.997908
0	1
0	1
0	1
0.00376648	0.993072
0	1
0	1
0	1
0	1
0.00395257	1
0	1
0	1
0	0.983813
0	0.98694
0	0.997396
0	1
0	1
0	0.98249
0	0.975952
0	1
0	0.991984
0	1
0	1
0	1
0	1
0	1
0	1
0	1
0	1
0	1
0	1
0	1
0	1
0	0.982869
0	0.997423
0	1
0	1
0	1
0	1
0	0.994059
0	1
*************_MODEL_*************
Model_ID: 1
N: 60
ClassLabel: 1
Threshold: -76.6811
Gamma: 10
TrainingMu: 31.2475
TrainingSigma: 10.7929
Mu:	0.0868577	0.471497	0.081963	0.447425	0.0855403	0.440163	0.0956191	0.418669	0.0969287	0.396153	0.110493	0.403704	0.11696	0.431097	0.125194	0.452144	0.125699	0.521331	0.112536	0.536134	0.113027	0.544739	0.121729	0.548324	0.117274	0.524326	0.115279	0.481632	0.115271	0.449747	0.119339	0.40293	0.114864	0.379271	0.114998	0.346671	0.113349	0.35209	0.104457	0.404852	0.0964539	0.48906	0.0902068	0.543639	0.0836921	0.584871	0.0855996	0.589055	0.0912943	0.563914	0.094901	0.52632	0.0958723	0.466382	0.0874785	0.417107	0.079716	0.345891	0.077135	0.305703
Sigma:	0.0623831	0.335018	0.0645767	0.356738	0.0565426	0.401186	0.0563583	0.389599	0.0544449	0.36577	0.0572397	0.348321	0.0636943	0.355116	0.0632416	0.358227	0.0697052	0.376815	0.0783384	0.397897	0.0772637	0.356931	0.0592264	0.335656	0.0530132	0.331075	0.0503048	0.360129	0.0595592	0.370912	0.062311	0.365378	0.0722808	0.341424	0.0677513	0.31269	0.069964	0.322384	0.0721841	0.343921	0.0592796	0.365604	0.0609779	0.379375	0.057126	0.389368	0.052208	0.38375	0.0541331	0.368049	0.0491721	0.325662	0.04344	0.334375	0.0523726	0.378008	0.0633585	0.376427	0.0710459	0.358907
Weights:	1	1	1	1	1	1	1	1	1	1	1	1	1	1	1	1	1	1	1	1	1	1	1	1	1	1	1	1	1	1	1	1	1	1	1	1	1	1	1	1	1	1	1	1	1	1	1	1	1	1	1	1	1	1	1	1	1	1	1	1
*************_MODEL_*************
Model_ID: 2
N: 60
ClassLabel: 2
Threshold: -55.8356
Gamma: 10
TrainingMu: -18.4254
TrainingSigma: 3.74102
Mu:	0.505991	0.361085	0.536584	0.377157	0.542322	0.418984	0.546655	0.436707	0.52055	0.490381	0.507934	0.502437	0.482568	0.503295	0.452495	0.475025	0.448684	0.445323	0.450928	0.410969	0.445994	0.400475	0.460576	0.395737	0.480676	0.393842	0.487753	0.422232	0.514233	0.427642	0.526389	0.436772	0.533576	0.439676	0.520682	0.443426	0.520599	0.453244	0.496671	0.461825	0.486134	0.43048	0.48541	0.430028	0.478247	0.418892	0.486377	0.405847	0.464767	0.410139	0.47367	0.41198	0.498011	0.40235	0.490004	0.405634	0.508591	0.433345	0.489755	0.46401
Sigma:	0.375537	0.293704	0.379644	0.286138	0.367806	0.324713	0.322719	0.345268	0.283907	0.372323	0.30595	0.342	0.346918	0.311669	0.361604	0.304563	0.363686	0.322838	0.356264	0.33216	0.326979	0.34143	0.324928	0.331276	0.319541	0.336577	0.314281	0.335408	0.320128	0.327625	0.322365	0.328249	0.319661	0.326553	0.324674	0.314852	0.323619	0.336587	0.31703	0.338468	0.328249	0.341016	0.34308	0.338429	0.360374	0.34301	0.362571	0.344156	0.356526	0.341573	0.344126	0.331968	0.340233	0.329073	0.331339	0.347023	0.353006	0.33871	0.366077	0.335153
Weights:	1	1	1	1	1	1	1	1	1	1	1	1	1	1	1	1	1	1	1	1	1	1	1	1	1	1	1	1	1	1	1	1	1	1	1	1	1	1	1	1	1	1	1	1	1	1	1	1	1	1	1	1	1	1	1	1	1	1	1	1
*************_MODEL_*************
Model_ID: 3
N: 60
ClassLabel: 3
Threshold: -249.743
Gamma: 10
TrainingMu: 34.5405
TrainingSigma: 28.4283
Mu:	0.0890803	0.0314981	0.0960473	0.0387265	0.117342	0.076068	0.177934	0.167596	0.333399	0.411554	0.547428	0.660871	0.720416	0.800882	0.791331	0.823023	0.847978	0.774346	0.874401	0.647553	0.88237	0.490665	0.918677	0.322301	0.939728	0.185492	0.940679	0.105251	0.890971	0.093953	0.795922	0.153271	0.625948	0.295092	0.453479	0.429871	0.305031	0.570626	0.19125	0.650592	0.125685	0.66676	0.0973076	0.62023	0.0900775	0.532347	0.0905435	0.435706	0.0945287	0.318096	0.0970465	0.23336	0.105272	0.153221	0.1104	0.0963417	0.110157	0.067917	0.106093	0.0578872
Sigma:	0.0684761	0.0366347	0.0702753	0.0565747	0.0803496	0.126869	0.111977	0.200565	0.200451	0.280777	0.19238	0.225075	0.140796	0.142763	0.109328	0.112946	0.0975604	0.128076	0.0874595	0.197164	0.0829996	0.223389	0.0732623	0.217429	0.0694049	0.163693	0.0734907	0.125625	0.10791	0.0932494	0.175154	0.150941	0.269851	0.258492	0.304641	0.307615	0.263256	0.283942	0.197653	0.235623	0.138469	0.20185	0.111818	0.234877	0.0877208	0.281987	0.0806309	0.301075	0.0813392	0.29596	0.0688075	0.258935	0.06685	0.228336	0.0695323	0.17429	0.0748658	0.144668	0.0780945	0.121473
Weights:	1	1	1	1	1	1	1	1	1	1	1	1	1	1	1	1	1	1	1	1	1	1	1	1	1	1	1	1	1	1	1	1	1	1	1	1	1	1	1	1	1	1	1	1	1	1	1	1	1	1	1	1	1	1	1	1	1	1	1	1
*************_MODEL_*************
Model_ID: 4
N: 60
ClassLabel: 5
Threshold: -157.332
Gamma: 10
TrainingMu: 40.022
TrainingSigma: 19.7354
Mu:	0.94284	0.40902	0.955719	0.442425	0.948057	0.432521	0.928469	0.349903	0.89625	0.248491	0.8501	0.161149	0.78822	0.102554	0.722274	0.0970491	0.662899	0.145614	0.596839	0.232767	0.533829	0.330987	0.494895	0.412476	0.474376	0.413092	0.454409	0.385445	0.435113	0.32203	0.417475	0.254857	0.390856	0.203803	0.350944	0.173984	0.320115	0.192439	0.277998	0.248046	0.240834	0.308667	0.210003	0.371119	0.185397	0.39437	0.162742	0.386429	0.136982	0.359187	0.114047	0.330753	0.0873463	0.311191	0.0538658	0.300404	0.0293064	0.293784	0.0125475	0.286807
Sigma:	0.0964069	0.198142	0.0544737	0.202954	0.0548012	0.218435	0.0750695	0.210958	0.0952809	0.193462	0.114513	0.156024	0.13575	0.14048	0.145061	0.137185	0.140835	0.160132	0.125729	0.178496	0.103782	0.195704	0.0943453	0.207873	0.0868273	0.232739	0.0813591	0.244828	0.0842512	0.252964	0.0864719	0.246859	0.0921636	0.206438	0.0940529	0.159863	0.091654	0.146227	0.0842095	0.17496	0.0727456	0.204182	0.0756876	0.238396	0.0798407	0.253554	0.0777955	0.252844	0.0722204	0.25805	0.0639571	0.242173	0.0513136	0.221967	0.0423886	0.206773	0.0231002	0.21679	0.0250279	0.21681
Weights:	1	1	1	1	1	1	1	1	1	1	1	1	1	1	1	1	1	1	1	1	1	1	1	1	1	1	1	1	1	1	1	1	1	1	1	1	1	1	1	1	1	1	1	1	1	1	1	1	1	1	1	1	1	1	1	1	1	1	1	1
*************_MODEL_*************
Model_ID: 5
N: 60
ClassLabel: 6
Threshold: -154.352
Gamma: 10
TrainingMu: 57.0571
TrainingSigma: 21.1409
Mu:	0.207765	0.0273839	0.290938	0.0113205	0.401396	0.0209179	0.522308	0.0385945	0.619177	0.0594859	0.670864	0.0951971	0.644424	0.124556	0.537933	0.161565	0.420088	0.197124	0.268922	0.237012	0.162589	0.282563	0.12024	0.317391	0.131706	0.348699	0.19385	0.372003	0.279418	0.393312	0.387687	0.432704	0.472559	0.467399	0.521983	0.513733	0.543109	0.584481	0.508312	0.624761	0.460349	0.66888	0.361328	0.713614	0.264736	0.752396	0.186525	0.79593	0.135899	0.839298	0.124669	0.880329	0.171039	0.91471	0.234619	0.944747	0.305133	0.971202	0.383792	0.999549
Sigma:	0.104299	0.0810629	0.112346	0.0312249	0.135247	0.023456	0.145425	0.0255636	0.131717	0.0327261	0.132527	0.0428073	0.161595	0.0510612	0.206635	0.0654497	0.223486	0.0789453	0.187101	0.095119	0.14116	0.106475	0.096455	0.107509	0.0955895	0.105872	0.133844	0.107908	0.142884	0.109905	0.152402	0.115129	0.181459	0.111311	0.207705	0.10589	0.252583	0.101538	0.272119	0.0887262	0.284881	0.081159	0.270115	0.0730748	0.2271	0.064084	0.174038	0.0552041	0.127061	0.045556	0.111193	0.0469101	0.143065	0.0381202	0.172809	0.0288056	0.18969	0.0189561	0.198969	0.00225918
Weights:	1	1	1	1	1	1	1	1	1	1	1	1	1	1	1	1	1	1	1	1	1	1	1	1	1	1	1	1	1	1	1	1	1	1	1	1	1	1	1	1	1	1	1	1	1	1	1	1	1	1	1	1	1	1	1	1	1	1	1	1
