GRT_PIPELINE_FILE_V3.0
PipelineMode: CLASSIFICATION_MODE
NumPreprocessingModules: 0
NumFeatureExtractionModules: 0
NumPostprocessingModules: 0
Trained: 1
Info: 
PreProcessingModuleDatatypes:
FeatureExtractionModuleDatatypes:
ClassificationModuleDatatype:	ANBC
PostProcessingModuleDatatypes:
GRT_ANBC_MODEL_FILE_V2.0
Trained: 1
UseScaling: 1
NumInputDimensions: 60
NumOutputDimensions: 0
NumTrainingIterationsToConverge: 0
MinNumEpochs: 0
MaxNumEpochs: 100
ValidationSetSize: 20
LearningRate: 0.1
MinChange: 1e-05
UseValidationSet: 0
RandomiseTrainingOrder: 1
UseNullRejection: 1
ClassifierMode: 0
NullRejectionCoeff: 10
NumClasses: 5
NullRejectionThresholds:  -107.196 -60.6048 -211.268 -203.429 -142.663
ClassLabels:  1 2 3 5 6
Ranges: 
160	891
61	589
175	880
62	580
197	868
48	591
253	866
67	663
269	884
83	644
247	903
88	593
249	909
82	640
257	912
82	648
265	948
80	636
256	957
78	642
245	1020
71	657
238	1020
62	600
229	1047
50	591
239	1093
59	636
234	1065
71	652
216	1016
54	643
206	946
58	595
181	909
67	605
173	799
82	613
168	807
85	596
170	823
75	612
175	798
72	635
171	824
69	643
144	830
70	654
135	803
68	678
95	807
62	674
95	799
62	643
96	809
61	663
84	862
67	693
79	842
62	696
*************_MODEL_*************
Model_ID: 1
N: 60
ClassLabel: 1
Threshold: -107.196
Gamma: 10
TrainingMu: 36.8817
TrainingSigma: 14.4077
Mu:	0.6013	0.546023	0.598865	0.527992	0.598137	0.507182	0.570962	0.434648	0.549024	0.414349	0.553735	0.465446	0.552045	0.458244	0.550153	0.469965	0.514495	0.543525	0.505278	0.546365	0.473032	0.539932	0.483824	0.599071	0.470782	0.597782	0.437705	0.509359	0.45716	0.463339	0.497	0.444397	0.546216	0.467039	0.591003	0.426022	0.697764	0.402825	0.686307	0.464579	0.663093	0.538268	0.682905	0.562078	0.653752	0.588763	0.662755	0.575171	0.697979	0.535246	0.713202	0.514134	0.720099	0.49389	0.704979	0.442525	0.656555	0.363498	0.67464	0.33959
Sigma:	0.0650115	0.297128	0.069668	0.322687	0.0656527	0.341127	0.0673298	0.324318	0.0592696	0.328054	0.0598906	0.347116	0.0611544	0.318376	0.0646087	0.308045	0.0635939	0.333281	0.0706471	0.349542	0.0647918	0.305985	0.0494262	0.296415	0.0431468	0.296733	0.0397248	0.304805	0.0419464	0.317931	0.0496921	0.305322	0.0597459	0.318615	0.0576301	0.287264	0.0642553	0.288083	0.0686635	0.328454	0.0607011	0.340744	0.0661558	0.333297	0.057846	0.333579	0.0474561	0.321456	0.0547475	0.297807	0.0511408	0.262403	0.052202	0.28899	0.0598135	0.31565	0.0561798	0.296904	0.0568919	0.275701
Weights:	1	1	1	1	1	1	1	1	1	1	1	1	1	1	1	1	1	1	1	1	1	1	1	1	1	1	1	1	1	1	1	1	1	1	1	1	1	1	1	1	1	1	1	1	1	1	1	1	1	1	1	1	1	1	1	1	1	1	1	1
*************_MODEL_*************
Model_ID: 2
N: 60
ClassLabel: 2
Threshold: -60.6048
Gamma: 10
TrainingMu: -6.50863
TrainingSigma: 5.40962
Mu:	0.514364	0.427904	0.535225	0.448069	0.534873	0.473051	0.497771	0.432886	0.450081	0.477778	0.447154	0.53967	0.421465	0.503047	0.387583	0.472556	0.346315	0.459712	0.351117	0.422045	0.334968	0.409044	0.35	0.455576	0.359209	0.472027	0.338017	0.448931	0.372563	0.429547	0.417042	0.45399	0.464775	0.503042	0.502839	0.491078	0.58967	0.469554	0.571205	0.498695	0.546605	0.468156	0.561798	0.450385	0.535784	0.432114	0.555637	0.409189	0.567615	0.398033	0.596067	0.408715	0.616761	0.421285	0.610379	0.41196	0.588046	0.411289	0.592093	0.4398
Sigma:	0.275782	0.288277	0.292292	0.27746	0.299312	0.281842	0.286617	0.289501	0.244018	0.331289	0.23533	0.345938	0.257114	0.283813	0.272642	0.273628	0.261164	0.296658	0.255908	0.305719	0.22021	0.308034	0.220777	0.321006	0.208622	0.327809	0.202201	0.303919	0.215534	0.289882	0.22596	0.276346	0.235038	0.301382	0.236394	0.29162	0.260863	0.311935	0.249275	0.331199	0.254071	0.318381	0.276293	0.301447	0.282601	0.302164	0.269176	0.303447	0.274689	0.292998	0.248153	0.288734	0.250148	0.299608	0.255171	0.302241	0.252555	0.277707	0.265074	0.262226
Weights:	1	1	1	1	1	1	1	1	1	1	1	1	1	1	1	1	1	1	1	1	1	1	1	1	1	1	1	1	1	1	1	1	1	1	1	1	1	1	1	1	1	1	1	1	1	1	1	1	1	1	1	1	1	1	1	1	1	1	1	1
*************_MODEL_*************
Model_ID: 3
N: 60
ClassLabel: 3
Threshold: -211.268
Gamma: 10
TrainingMu: 34.2684
TrainingSigma: 24.5536
Mu:	0.247024	0.0852676	0.240169	0.0914319	0.236452	0.144979	0.221999	0.188848	0.334025	0.407441	0.522671	0.717169	0.664668	0.798559	0.720351	0.810691	0.707143	0.779313	0.727684	0.643655	0.694798	0.485731	0.723785	0.374318	0.71711	0.257168	0.675644	0.15078	0.666129	0.120335	0.647766	0.201929	0.577573	0.364396	0.495441	0.485802	0.452926	0.594342	0.357607	0.707166	0.29292	0.71021	0.274888	0.634103	0.264182	0.53729	0.292321	0.431325	0.31711	0.309731	0.355158	0.244194	0.363123	0.183506	0.361851	0.129816	0.346743	0.09187	0.356794	0.0911135
Sigma:	0.0763503	0.0514184	0.0773945	0.0720671	0.0854738	0.120089	0.104187	0.177229	0.178454	0.254277	0.170365	0.214359	0.131623	0.113098	0.11206	0.090409	0.105649	0.111714	0.112087	0.188677	0.112663	0.213007	0.117224	0.222126	0.112741	0.17039	0.10981	0.120169	0.117751	0.084867	0.151794	0.127867	0.209672	0.250838	0.239479	0.301283	0.231349	0.273587	0.171635	0.238887	0.123742	0.201748	0.112716	0.231983	0.0964243	0.274513	0.08897	0.286496	0.0930991	0.265857	0.0837857	0.230436	0.0827659	0.208965	0.0827717	0.154141	0.076406	0.120853	0.0776988	0.100873
Weights:	1	1	1	1	1	1	1	1	1	1	1	1	1	1	1	1	1	1	1	1	1	1	1	1	1	1	1	1	1	1	1	1	1	1	1	1	1	1	1	1	1	1	1	1	1	1	1	1	1	1	1	1	1	1	1	1	1	1	1	1
*************_MODEL_*************
Model_ID: 4
N: 60
ClassLabel: 5
Threshold: -203.429
Gamma: 10
TrainingMu: 26.5539
TrainingSigma: 22.9982
Mu:	0.682595	0.699854	0.692392	0.737715	0.685781	0.70375	0.642815	0.560479	0.587324	0.481202	0.552002	0.445275	0.50124	0.366569	0.443581	0.360424	0.359776	0.412484	0.323726	0.479207	0.277419	0.547316	0.262206	0.670328	0.249583	0.684759	0.214312	0.607846	0.214856	0.537357	0.232443	0.506058	0.243028	0.512993	0.25793	0.472584	0.283873	0.465246	0.258785	0.524328	0.223479	0.565262	0.203962	0.58877	0.183906	0.598155	0.198615	0.579429	0.198659	0.539046	0.226666	0.5293	0.209259	0.545298	0.183571	0.525408	0.167913	0.49125	0.167729	0.485195
Sigma:	0.170029	0.141377	0.169054	0.145361	0.173292	0.156215	0.194702	0.146836	0.205033	0.147464	0.202715	0.153863	0.21113	0.158513	0.21465	0.179757	0.194799	0.217154	0.178429	0.23101	0.143698	0.219893	0.130376	0.203964	0.115924	0.179902	0.104189	0.136594	0.110331	0.144299	0.121089	0.150888	0.139512	0.16046	0.143695	0.171218	0.163	0.202805	0.151475	0.24695	0.135335	0.243948	0.133351	0.23102	0.118902	0.195637	0.10827	0.172608	0.11069	0.15788	0.106837	0.150394	0.108717	0.153063	0.109979	0.176778	0.095446	0.192348	0.0887002	0.196419
Weights:	1	1	1	1	1	1	1	1	1	1	1	1	1	1	1	1	1	1	1	1	1	1	1	1	1	1	1	1	1	1	1	1	1	1	1	1	1	1	1	1	1	1	1	1	1	1	1	1	1	1	1	1	1	1	1	1	1	1	1	1
*************_MODEL_*************
Model_ID: 5
N: 60
ClassLabel: 6
Threshold: -142.663
Gamma: 10
TrainingMu: 50.7615
TrainingSigma: 19.3425
Mu:	0.331136	0.144972	0.370256	0.132444	0.425326	0.159161	0.456721	0.126602	0.493865	0.122022	0.526284	0.156796	0.499725	0.174921	0.418691	0.201467	0.309375	0.236865	0.229413	0.267569	0.171065	0.303237	0.16066	0.374	0.174965	0.417577	0.18927	0.393414	0.245524	0.38622	0.331477	0.433863	0.411589	0.500593	0.478813	0.51977	0.569707	0.543115	0.545929	0.598174	0.499095	0.625811	0.450995	0.635449	0.377465	0.656266	0.355508	0.673308	0.352114	0.676751	0.38547	0.71123	0.419421	0.772284	0.453143	0.769908	0.468606	0.748911	0.521228	0.766227
Sigma:	0.0940374	0.0627043	0.107154	0.0407324	0.125309	0.0402507	0.141589	0.0415397	0.118265	0.0465555	0.100115	0.0594873	0.101069	0.0613324	0.124418	0.0745296	0.125962	0.0904386	0.118516	0.103955	0.0920701	0.111248	0.0772453	0.123483	0.0750483	0.124109	0.090368	0.117967	0.0997194	0.119881	0.110041	0.123693	0.122467	0.137769	0.131139	0.137115	0.170339	0.140527	0.176102	0.142035	0.178844	0.134765	0.182721	0.12794	0.146724	0.122614	0.110536	0.11421	0.0954523	0.105054	0.094899	0.101471	0.113958	0.107493	0.129291	0.107447	0.13004	0.106155	0.134151	0.105202
Weights:	1	1	1	1	1	1	1	1	1	1	1	1	1	1	1	1	1	1	1	1	1	1	1	1	1	1	1	1	1	1	1	1	1	1	1	1	1	1	1	1	1	1	1	1	1	1	1	1	1	1	1	1	1	1	1	1	1	1	1	1
