GRT_PIPELINE_FILE_V3.0
PipelineMode: CLASSIFICATION_MODE
NumPreprocessingModules: 0
NumFeatureExtractionModules: 0
NumPostprocessingModules: 0
Trained: 1
Info: 
PreProcessingModuleDatatypes:
FeatureExtractionModuleDatatypes:
ClassificationModuleDatatype:	ANBC
PostProcessingModuleDatatypes:
GRT_ANBC_MODEL_FILE_V2.0
Trained: 1
UseScaling: 1
NumInputDimensions: 60
NumOutputDimensions: 0
NumTrainingIterationsToConverge: 0
MinNumEpochs: 0
MaxNumEpochs: 100
ValidationSetSize: 20
LearningRate: 0.1
MinChange: 1e-05
UseValidationSet: 0
RandomiseTrainingOrder: 1
UseNullRejection: 1
ClassifierMode: 0
NullRejectionCoeff: 10
NumClasses: 5
NullRejectionThresholds:  -80.7781 -53.1281 -251.161 -134.135 -159.358
ClassLabels:  1 2 3 5 6
Ranges: 
0	1
0	1
0	1
0	1
0	1
0	1
0	1
0	1
0.00759013	1
0	1
0	1
0	1
0	1
0	1
0	1
0	1
0	0.993464
0	1
0	1
0	1
0	1
0	1
0	1
0.00395257	1
0	1
0	1
0	1
0	1
0.00413223	1
0	1
0	1
0	1
0	1
0	1
0	1
0	1
0	1
0	1
0	1
0	1
0	1
0	1
0	1
0	1
0	1
0	1
0	1
0	1
0	1
0	1
0	1
0	1
0	0.982869
0	1
0	1
0	1
0	1
0	1
0	1
0	1
*************_MODEL_*************
Model_ID: 1
N: 60
ClassLabel: 1
Threshold: -80.7781
Gamma: 10
TrainingMu: -12.8556
TrainingSigma: 6.79225
Mu:	0.451214	0.471497	0.424225	0.445253	0.438958	0.416814	0.488266	0.418669	0.518544	0.393058	0.544607	0.403704	0.569431	0.430216	0.616223	0.452144	0.595022	0.521331	0.528092	0.535012	0.547815	0.544739	0.607329	0.544426	0.598911	0.524326	0.610352	0.481632	0.62122	0.449747	0.607887	0.396408	0.564737	0.378284	0.565693	0.346671	0.540839	0.343623	0.515918	0.401607	0.485049	0.48906	0.45863	0.543639	0.442049	0.584871	0.459283	0.589055	0.497297	0.563914	0.523275	0.52632	0.523772	0.46518	0.470286	0.417107	0.403852	0.345891	0.372846	0.305703
Sigma:	0.293606	0.335018	0.297548	0.355007	0.254826	0.379905	0.238274	0.389599	0.210903	0.362912	0.219363	0.348321	0.237366	0.35439	0.230602	0.358227	0.227994	0.376815	0.302432	0.397064	0.305192	0.356931	0.189596	0.333384	0.191674	0.331075	0.253556	0.360129	0.294156	0.370912	0.285372	0.359463	0.304229	0.340535	0.270283	0.31269	0.264685	0.314631	0.297676	0.341164	0.260422	0.365604	0.295869	0.379375	0.310728	0.389368	0.282847	0.38375	0.301785	0.368049	0.289431	0.325662	0.240282	0.333513	0.264294	0.378008	0.294929	0.376427	0.300097	0.358907
Weights:	1	1	1	1	1	1	1	1	1	1	1	1	1	1	1	1	1	1	1	1	1	1	1	1	1	1	1	1	1	1	1	1	1	1	1	1	1	1	1	1	1	1	1	1	1	1	1	1	1	1	1	1	1	1	1	1	1	1	1	1
*************_MODEL_*************
Model_ID: 2
N: 60
ClassLabel: 2
Threshold: -53.1281
Gamma: 10
TrainingMu: -20.7637
TrainingSigma: 3.23643
Mu:	0.510083	0.390158	0.540746	0.405503	0.546091	0.429947	0.550398	0.474571	0.521488	0.530064	0.510783	0.548627	0.485406	0.548833	0.455679	0.520085	0.442405	0.488133	0.444361	0.448108	0.450609	0.437983	0.465558	0.429047	0.485369	0.429247	0.492091	0.458544	0.518257	0.46388	0.529707	0.466892	0.529556	0.478608	0.523536	0.485413	0.51427	0.48504	0.499679	0.501713	0.489405	0.47057	0.489247	0.468449	0.482407	0.453704	0.490949	0.438127	0.46926	0.442827	0.478026	0.445871	0.50211	0.435226	0.493238	0.440181	0.511556	0.472615	0.48936	0.508002
Sigma:	0.377718	0.309448	0.381811	0.298056	0.370148	0.326903	0.32526	0.374635	0.284591	0.40453	0.306432	0.376998	0.347104	0.338666	0.362744	0.327044	0.358393	0.346301	0.352375	0.35945	0.332484	0.376484	0.330934	0.365322	0.323934	0.370596	0.317286	0.363689	0.321983	0.349403	0.323389	0.342235	0.316617	0.349697	0.326209	0.346856	0.319253	0.367105	0.318339	0.372336	0.329705	0.37123	0.344994	0.359218	0.362578	0.359367	0.366344	0.36472	0.360878	0.36696	0.34835	0.361784	0.343321	0.358823	0.332634	0.37681	0.353676	0.365661	0.364379	0.360562
Weights:	1	1	1	1	1	1	1	1	1	1	1	1	1	1	1	1	1	1	1	1	1	1	1	1	1	1	1	1	1	1	1	1	1	1	1	1	1	1	1	1	1	1	1	1	1	1	1	1	1	1	1	1	1	1	1	1	1	1	1	1
*************_MODEL_*************
Model_ID: 3
N: 60
ClassLabel: 3
Threshold: -251.161
Gamma: 10
TrainingMu: 34.4209
TrainingSigma: 28.5581
Mu:	0.0918277	0.0341978	0.0990195	0.0416559	0.121357	0.0778329	0.183389	0.18824	0.34058	0.461626	0.558346	0.750921	0.734579	0.91299	0.806556	0.942241	0.845052	0.886901	0.869534	0.739131	0.899539	0.56172	0.936554	0.365409	0.957316	0.211719	0.958461	0.119431	0.908481	0.107293	0.811834	0.170958	0.630957	0.33652	0.464384	0.493128	0.307748	0.637713	0.197695	0.741132	0.130948	0.764625	0.101854	0.710545	0.0933142	0.604915	0.092867	0.492631	0.0967319	0.357651	0.0987025	0.26215	0.106917	0.170133	0.112472	0.105396	0.112537	0.0729295	0.108142	0.0627171
Sigma:	0.0711866	0.037583	0.0733123	0.0568381	0.0849157	0.120846	0.118132	0.21283	0.20698	0.295501	0.195737	0.227623	0.141172	0.117107	0.104594	0.0819487	0.0880465	0.113957	0.0750401	0.207091	0.0732907	0.244934	0.0593258	0.234464	0.0412885	0.17586	0.0502	0.129507	0.0999757	0.0997845	0.174687	0.163992	0.271377	0.289779	0.312761	0.34689	0.268746	0.305815	0.212711	0.250747	0.154734	0.209515	0.127594	0.251555	0.0975038	0.308641	0.0849372	0.334102	0.0847701	0.325704	0.0702347	0.280917	0.066816	0.240153	0.0698786	0.177969	0.0766048	0.144299	0.0797323	0.121691
Weights:	1	1	1	1	1	1	1	1	1	1	1	1	1	1	1	1	1	1	1	1	1	1	1	1	1	1	1	1	1	1	1	1	1	1	1	1	1	1	1	1	1	1	1	1	1	1	1	1	1	1	1	1	1	1	1	1	1	1	1	1
*************_MODEL_*************
Model_ID: 4
N: 60
ClassLabel: 5
Threshold: -134.135
Gamma: 10
TrainingMu: 31.3678
TrainingSigma: 16.5503
Mu:	0.945597	0.696398	0.959229	0.739432	0.95175	0.683828	0.932052	0.575544	0.89567	0.39519	0.853664	0.247354	0.791766	0.152865	0.725838	0.158372	0.651545	0.263591	0.585405	0.42364	0.53653	0.588632	0.497431	0.692974	0.476361	0.663247	0.45621	0.585975	0.43669	0.471989	0.419036	0.356699	0.387258	0.30119	0.352432	0.285718	0.315851	0.343301	0.279376	0.454171	0.242139	0.550799	0.211307	0.631408	0.186793	0.63642	0.164065	0.60313	0.138047	0.542727	0.114874	0.501997	0.0879071	0.48147	0.054123	0.505541	0.0295085	0.514575	0.0124729	0.509095
Sigma:	0.0885199	0.253432	0.0485899	0.245179	0.052609	0.261249	0.0731432	0.259242	0.0945274	0.225134	0.115618	0.186543	0.138192	0.168334	0.149096	0.193792	0.14286	0.25015	0.127597	0.293801	0.107362	0.303817	0.0979776	0.26983	0.087254	0.26637	0.0811922	0.269578	0.0838101	0.297148	0.0859207	0.297701	0.0907616	0.258994	0.0943529	0.2249	0.0903307	0.257024	0.0852766	0.312747	0.0742539	0.322853	0.0776701	0.325594	0.082677	0.320603	0.0806273	0.303754	0.074122	0.30634	0.0651528	0.292856	0.0518907	0.271504	0.0424506	0.304696	0.0232864	0.336846	0.0248793	0.331921
Weights:	1	1	1	1	1	1	1	1	1	1	1	1	1	1	1	1	1	1	1	1	1	1	1	1	1	1	1	1	1	1	1	1	1	1	1	1	1	1	1	1	1	1	1	1	1	1	1	1	1	1	1	1	1	1	1	1	1	1	1	1
*************_MODEL_*************
Model_ID: 5
N: 60
ClassLabel: 6
Threshold: -159.358
Gamma: 10
TrainingMu: 51.7312
TrainingSigma: 21.109
Mu:	0.295237	0.0273839	0.409351	0.0112655	0.566565	0.0198083	0.73815	0.0385945	0.870275	0.0590212	0.939037	0.0951971	0.892194	0.124302	0.728044	0.161565	0.5442	0.197124	0.340639	0.236516	0.207344	0.282563	0.16133	0.315055	0.188414	0.348699	0.284134	0.372003	0.409708	0.393312	0.555075	0.4257	0.652112	0.466181	0.715588	0.513733	0.716563	0.570425	0.673583	0.619753	0.601578	0.66888	0.468273	0.713614	0.340023	0.752396	0.24028	0.79593	0.182439	0.839298	0.183821	0.880329	0.257915	0.912353	0.349849	0.944747	0.447787	0.971202	0.540261	0.999549
Sigma:	0.135696	0.0810629	0.132282	0.0310733	0.164249	0.0222118	0.16959	0.0255636	0.124832	0.0324704	0.090433	0.0428073	0.117656	0.0509568	0.199724	0.0654497	0.230967	0.0789453	0.206039	0.09492	0.155334	0.106475	0.120363	0.106781	0.143747	0.105872	0.207832	0.107908	0.220233	0.109905	0.217855	0.113266	0.22098	0.111021	0.231343	0.10589	0.275183	0.099096	0.303979	0.088015	0.327808	0.081159	0.324452	0.0730748	0.27108	0.064084	0.204873	0.0552041	0.153298	0.045556	0.164581	0.0469101	0.218939	0.0380219	0.264242	0.0288056	0.290326	0.0189561	0.286778	0.00225918
Weights:	1	1	1	1	1	1	1	1	1	1	1	1	1	1	1	1	1	1	1	1	1	1	1	1	1	1	1	1	1	1	1	1	1	1	1	1	1	1	1	1	1	1	1	1	1	1	1	1	1	1	1	1	1	1	1	1	1	1	1	1
